key,original,newExpr,A,test
"LinksGouldInvariant[2, 1, PrimeKnot[10, ""A"", 1]]",12*x**4 + 274*x**2 + y**12 + (-7*x - 7/x)*(y**10 + y**(-10)) + (y**2 + y**(-2))*(-76*x**3 - 453*x - 619/x - 274/x**3 - 32/x**5) + (y**4 + y**(-4))*(8*x**4 + 147*x**2 + 373 + 266/x**2 + 52/x**4) + (y**6 + y**(-6))*(-20*x**3 - 124*x - 149/x - 45/x**3) + (y**8 + y**(-8))*(18*x**2 + 48 + 23/x**2) + 725 + y**(-12) + 574/x**2 + 148/x**4 + 8/x**6,8*t0**3*t1**3 - 32*t0**3*t1**2 + 52*t0**3*t1 - 45*t0**3 + 23*t0**3/t1 - 7*t0**3/t1**2 + t0**3/t1**3 - 32*t0**2*t1**3 + 148*t0**2*t1**2 - 274*t0**2*t1 + 266*t0**2 - 149*t0**2/t1 + 48*t0**2/t1**2 - 7*t0**2/t1**3 + 52*t0*t1**3 - 274*t0*t1**2 + 574*t0*t1 - 619*t0 + 373*t0/t1 - 124*t0/t1**2 + 18*t0/t1**3 - 45*t1**3 + 266*t1**2 - 619*t1 + 725 - 453/t1 + 147/t1**2 - 20/t1**3 + 23*t1**3/t0 - 149*t1**2/t0 + 373*t1/t0 - 453/t0 + 274/(t0*t1) - 76/(t0*t1**2) + 8/(t0*t1**3) - 7*t1**3/t0**2 + 48*t1**2/t0**2 - 124*t1/t0**2 + 147/t0**2 - 76/(t0**2*t1) + 12/(t0**2*t1**2) + t1**3/t0**3 - 7*t1**2/t0**3 + 18*t1/t0**3 - 20/t0**3 + 8/(t0**3*t1),"[[   0    0    8  -20   18   -7    1]
 [   0   12  -76  147 -124   48   -7]
 [   8  -76  274 -453  373 -149   23]
 [ -20  147 -453  725 -619  266  -45]
 [  18 -124  373 -619  574 -274   52]
 [  -7   48 -149  266 -274  148  -32]
 [   1   -7   23  -45   52  -32    8]]",0
"LinksGouldInvariant[2, 1, PrimeKnot[10, ""A"", 2]]",8*x**6 + 180*x**4 + x**2*(y**12 + y**(-12)) + 514*x**2 + (-7*x**3 - 7*x)*(y**10 + y**(-10)) + (y**2 + y**(-2))*(-51*x**5 - 322*x**3 - 466*x - 225/x - 30/x**3) + (y**4 + y**(-4))*(6*x**6 + 112*x**4 + 297*x**2 + 220 + 47/x**2) + (y**6 + y**(-6))*(-17*x**5 - 108*x**3 - 132*x - 41/x) + (y**8 + y**(-8))*(17*x**4 + 46*x**2 + 22) + 439 + 128/x**2 + 8/x**4,8*t0**2*t1**2 - 30*t0**2*t1 + 47*t0**2 - 41*t0**2/t1 + 22*t0**2/t1**2 - 7*t0**2/t1**3 + t0**2/t1**4 - 30*t0*t1**2 + 128*t0*t1 - 225*t0 + 220*t0/t1 - 132*t0/t1**2 + 46*t0/t1**3 - 7*t0/t1**4 + 47*t1**2 - 225*t1 + 439 - 466/t1 + 297/t1**2 - 108/t1**3 + 17/t1**4 - 41*t1**2/t0 + 220*t1/t0 - 466/t0 + 514/(t0*t1) - 322/(t0*t1**2) + 112/(t0*t1**3) - 17/(t0*t1**4) + 22*t1**2/t0**2 - 132*t1/t0**2 + 297/t0**2 - 322/(t0**2*t1) + 180/(t0**2*t1**2) - 51/(t0**2*t1**3) + 6/(t0**2*t1**4) - 7*t1**2/t0**3 + 46*t1/t0**3 - 108/t0**3 + 112/(t0**3*t1) - 51/(t0**3*t1**2) + 8/(t0**3*t1**3) + t1**2/t0**4 - 7*t1/t0**4 + 17/t0**4 - 17/(t0**4*t1) + 6/(t0**4*t1**2),"[[   0    0    6  -17   17   -7    1]
 [   0    8  -51  112 -108   46   -7]
 [   6  -51  180 -322  297 -132   22]
 [ -17  112 -322  514 -466  220  -41]
 [  17 -108  297 -466  439 -225   47]
 [  -7   46 -132  220 -225  128  -30]
 [   1   -7   22  -41   47  -30    8]]",0
"LinksGouldInvariant[2, 1, PrimeKnot[10, ""A"", 3]]",68*x**2 + (-7/x - 7/x**3)*(y**10 + y**(-10)) + (y**2 + y**(-2))*(-8*x**3 - 170*x - 539/x - 511/x**3 - 140/x**5 - 6/x**7) + (y**4 + y**(-4))*(24*x**2 + 205 + 373/x**2 + 194/x**4 + 22/x**6) + (y**6 + y**(-6))*(-30*x - 136/x - 137/x**3 - 31/x**5) + (y**8 + y**(-8))*(20 + 48/x**2 + 21/x**4) + 429 + (y**12 + y**(-12))/x**2 + 712/x**2 + 372/x**4 + 48/x**6,-6*t0**4*t1**3 + 22*t0**4*t1**2 - 31*t0**4*t1 + 21*t0**4 - 7*t0**4/t1 + t0**4/t1**2 - 6*t0**3*t1**4 + 48*t0**3*t1**3 - 140*t0**3*t1**2 + 194*t0**3*t1 - 137*t0**3 + 48*t0**3/t1 - 7*t0**3/t1**2 + 22*t0**2*t1**4 - 140*t0**2*t1**3 + 372*t0**2*t1**2 - 511*t0**2*t1 + 373*t0**2 - 136*t0**2/t1 + 20*t0**2/t1**2 - 31*t0*t1**4 + 194*t0*t1**3 - 511*t0*t1**2 + 712*t0*t1 - 539*t0 + 205*t0/t1 - 30*t0/t1**2 + 21*t1**4 - 137*t1**3 + 373*t1**2 - 539*t1 + 429 - 170/t1 + 24/t1**2 - 7*t1**4/t0 + 48*t1**3/t0 - 136*t1**2/t0 + 205*t1/t0 - 170/t0 + 68/(t0*t1) - 8/(t0*t1**2) + t1**4/t0**2 - 7*t1**3/t0**2 + 20*t1**2/t0**2 - 30*t1/t0**2 + 24/t0**2 - 8/(t0**2*t1),"[[   0   -8   24  -30   20   -7    1]
 [  -8   68 -170  205 -136   48   -7]
 [  24 -170  429 -539  373 -137   21]
 [ -30  205 -539  712 -511  194  -31]
 [  20 -136  373 -511  372 -140   22]
 [  -7   48 -137  194 -140   48   -6]
 [   1   -7   21  -31   22   -6    0]]",0
"LinksGouldInvariant[2, 1, PrimeKnot[10, ""A"", 4]]",6*x**2 + (3/x**4 + x**(-6))*(y**12 + y**(-12)) + (y**2 + y**(-2))*(-22*x - 176/x - 395/x**3 - 290/x**5 - 49/x**7) + (y**4 + y**(-4))*(39 + 204/x**2 + 294/x**4 + 119/x**6 + 6/x**8) + (y**6 + y**(-6))*(-44/x - 156/x**3 - 138/x**5 - 26/x**7) + (y**8 + y**(-8))*(33/x**2 + 75/x**4 + 35/x**6 + 2/x**8) + (y**10 + y**(-10))*(-15/x**3 - 18/x**5 - 3/x**7) + 93 + 344/x**2 + 430/x**4 + 162/x**6 + 8/x**8,2*t0**6*t1**2 - 3*t0**6*t1 + t0**6 + 6*t0**5*t1**3 - 26*t0**5*t1**2 + 35*t0**5*t1 - 18*t0**5 + 3*t0**5/t1 + 8*t0**4*t1**4 - 49*t0**4*t1**3 + 119*t0**4*t1**2 - 138*t0**4*t1 + 75*t0**4 - 15*t0**4/t1 + 6*t0**3*t1**5 - 49*t0**3*t1**4 + 162*t0**3*t1**3 - 290*t0**3*t1**2 + 294*t0**3*t1 - 156*t0**3 + 33*t0**3/t1 + 2*t0**2*t1**6 - 26*t0**2*t1**5 + 119*t0**2*t1**4 - 290*t0**2*t1**3 + 430*t0**2*t1**2 - 395*t0**2*t1 + 204*t0**2 - 44*t0**2/t1 - 3*t0*t1**6 + 35*t0*t1**5 - 138*t0*t1**4 + 294*t0*t1**3 - 395*t0*t1**2 + 344*t0*t1 - 176*t0 + 39*t0/t1 + t1**6 - 18*t1**5 + 75*t1**4 - 156*t1**3 + 204*t1**2 - 176*t1 + 93 - 22/t1 + 3*t1**5/t0 - 15*t1**4/t0 + 33*t1**3/t0 - 44*t1**2/t0 + 39*t1/t0 - 22/t0 + 6/(t0*t1),"[[   6  -22   39  -44   33  -15    3    0]
 [ -22   93 -176  204 -156   75  -18    1]
 [  39 -176  344 -395  294 -138   35   -3]
 [ -44  204 -395  430 -290  119  -26    2]
 [  33 -156  294 -290  162  -49    6    0]
 [ -15   75 -138  119  -49    8    0    0]
 [   3  -18   35  -26    6    0    0    0]
 [   0    1   -3    2    0    0    0    0]]",0
"LinksGouldInvariant[2, 1, PrimeKnot[10, ""A"", 5]]",4*x**8 + 66*x**6 + 224*x**4 + 292*x**2 + (y**2 + y**(-2))*(-19*x**7 - 111*x**5 - 235*x**3 - 175*x - 32/x) + (y**4 + y**(-4))*(2*x**8 + 28*x**6 + 93*x**4 + 120*x**2 + 40) + (y**6 + y**(-6))*(-3*x**7 - 16*x**5 - 36*x**3 - 23*x) + (y**8 + y**(-8))*(x**6 + 3*x**4 + 5*x**2) + 121 + 10/x**2,10*t0*t1 - 32*t0 + 40*t0/t1 - 23*t0/t1**2 + 5*t0/t1**3 - 32*t1 + 121 - 175/t1 + 120/t1**2 - 36/t1**3 + 3/t1**4 + 40*t1/t0 - 175/t0 + 292/(t0*t1) - 235/(t0*t1**2) + 93/(t0*t1**3) - 16/(t0*t1**4) + 1/(t0*t1**5) - 23*t1/t0**2 + 120/t0**2 - 235/(t0**2*t1) + 224/(t0**2*t1**2) - 111/(t0**2*t1**3) + 28/(t0**2*t1**4) - 3/(t0**2*t1**5) + 5*t1/t0**3 - 36/t0**3 + 93/(t0**3*t1) - 111/(t0**3*t1**2) + 66/(t0**3*t1**3) - 19/(t0**3*t1**4) + 2/(t0**3*t1**5) + 3/t0**4 - 16/(t0**4*t1) + 28/(t0**4*t1**2) - 19/(t0**4*t1**3) + 4/(t0**4*t1**4) + 1/(t0**5*t1) - 3/(t0**5*t1**2) + 2/(t0**5*t1**3),"[[   0    0    2   -3    1    0    0]
 [   0    4  -19   28  -16    3    0]
 [   2  -19   66 -111   93  -36    5]
 [  -3   28 -111  224 -235  120  -23]
 [   1  -16   93 -235  292 -175   40]
 [   0    3  -36  120 -175  121  -32]
 [   0    0    5  -23   40  -32   10]]",0
"LinksGouldInvariant[2, 1, PrimeKnot[10, ""A"", 6]]",48*x**2 + (3/x**2 + x**(-4))*(y**12 + y**(-12)) + (y**2 + y**(-2))*(-6*x**3 - 131*x - 443/x - 438/x**3 - 125/x**5 - 5/x**7) + (y**4 + y**(-4))*(21*x**2 + 182 + 345/x**2 + 191/x**4 + 25/x**6) + (y**6 + y**(-6))*(-32*x - 146/x - 156/x**3 - 44/x**5 - 2/x**7) + (y**8 + y**(-8))*(27 + 68/x**2 + 37/x**4 + 4/x**6) + (y**10 + y**(-10))*(-13/x - 16/x**3 - 3/x**5) + 331 + 580/x**2 + 314/x**4 + 40/x**6,-2*t0**5*t1**2 + 4*t0**5*t1 - 3*t0**5 + t0**5/t1 - 5*t0**4*t1**3 + 25*t0**4*t1**2 - 44*t0**4*t1 + 37*t0**4 - 16*t0**4/t1 + 3*t0**4/t1**2 - 5*t0**3*t1**4 + 40*t0**3*t1**3 - 125*t0**3*t1**2 + 191*t0**3*t1 - 156*t0**3 + 68*t0**3/t1 - 13*t0**3/t1**2 - 2*t0**2*t1**5 + 25*t0**2*t1**4 - 125*t0**2*t1**3 + 314*t0**2*t1**2 - 438*t0**2*t1 + 345*t0**2 - 146*t0**2/t1 + 27*t0**2/t1**2 + 4*t0*t1**5 - 44*t0*t1**4 + 191*t0*t1**3 - 438*t0*t1**2 + 580*t0*t1 - 443*t0 + 182*t0/t1 - 32*t0/t1**2 - 3*t1**5 + 37*t1**4 - 156*t1**3 + 345*t1**2 - 443*t1 + 331 - 131/t1 + 21/t1**2 + t1**5/t0 - 16*t1**4/t0 + 68*t1**3/t0 - 146*t1**2/t0 + 182*t1/t0 - 131/t0 + 48/(t0*t1) - 6/(t0*t1**2) + 3*t1**4/t0**2 - 13*t1**3/t0**2 + 27*t1**2/t0**2 - 32*t1/t0**2 + 21/t0**2 - 6/(t0**2*t1),"[[   0   -6   21  -32   27  -13    3    0]
 [  -6   48 -131  182 -146   68  -16    1]
 [  21 -131  331 -443  345 -156   37   -3]
 [ -32  182 -443  580 -438  191  -44    4]
 [  27 -146  345 -438  314 -125   25   -2]
 [ -13   68 -156  191 -125   40   -5    0]
 [   3  -16   37  -44   25   -5    0    0]
 [   0    1   -3    4   -2    0    0    0]]",0
"LinksGouldInvariant[2, 1, PrimeKnot[10, ""A"", 7]]",56*x**4 + 408*x**2 + y**12 + (-8*x - 8/x)*(y**10 + y**(-10)) + (y**2 + y**(-2))*(-7*x**5 - 158*x**3 - 543*x - 543/x - 158/x**3 - 7/x**5) + (y**4 + y**(-4))*(25*x**4 + 213*x**2 + 396 + 213/x**2 + 25/x**4) + (y**6 + y**(-6))*(-35*x**3 - 152*x - 152/x - 35/x**3) + (y**8 + y**(-8))*(24*x**2 + 56 + 24/x**2) + 731 + y**(-12) + 408/x**2 + 56/x**4,-7*t0**3*t1**2 + 25*t0**3*t1 - 35*t0**3 + 24*t0**3/t1 - 8*t0**3/t1**2 + t0**3/t1**3 - 7*t0**2*t1**3 + 56*t0**2*t1**2 - 158*t0**2*t1 + 213*t0**2 - 152*t0**2/t1 + 56*t0**2/t1**2 - 8*t0**2/t1**3 + 25*t0*t1**3 - 158*t0*t1**2 + 408*t0*t1 - 543*t0 + 396*t0/t1 - 152*t0/t1**2 + 24*t0/t1**3 - 35*t1**3 + 213*t1**2 - 543*t1 + 731 - 543/t1 + 213/t1**2 - 35/t1**3 + 24*t1**3/t0 - 152*t1**2/t0 + 396*t1/t0 - 543/t0 + 408/(t0*t1) - 158/(t0*t1**2) + 25/(t0*t1**3) - 8*t1**3/t0**2 + 56*t1**2/t0**2 - 152*t1/t0**2 + 213/t0**2 - 158/(t0**2*t1) + 56/(t0**2*t1**2) - 7/(t0**2*t1**3) + t1**3/t0**3 - 8*t1**2/t0**3 + 24*t1/t0**3 - 35/t0**3 + 25/(t0**3*t1) - 7/(t0**3*t1**2),"[[   0   -7   25  -35   24   -8    1]
 [  -7   56 -158  213 -152   56   -8]
 [  25 -158  408 -543  396 -152   24]
 [ -35  213 -543  731 -543  213  -35]
 [  24 -152  396 -543  408 -158   25]
 [  -8   56 -152  213 -158   56   -7]
 [   1   -8   24  -35   25   -7    0]]",0
"LinksGouldInvariant[2, 1, PrimeKnot[10, ""A"", 8]]",(6/x**6 + 3/x**8)*(y**12 + y**(-12)) + (y**2 + y**(-2))*(-25/x - 175/x**3 - 354/x**5 - 242/x**7 - 38/x**9) + (y**4 + y**(-4))*(45/x**2 + 203/x**4 + 268/x**6 + 100/x**8 + 5/x**10) + (y**6 + y**(-6))*(-52/x**3 - 163/x**5 - 134/x**7 - 23/x**9) + (y**8 + y**(-8))*(42/x**4 + 88/x**6 + 39/x**8 + 2/x**10) + (y**10 + y**(-10))*(-22/x**5 - 27/x**7 - 5/x**9) + 7 + 96/x**2 + 316/x**4 + 366/x**6 + 128/x**8 + 6/x**10,2*t0**7*t1**3 - 5*t0**7*t1**2 + 3*t0**7*t1 + 5*t0**6*t1**4 - 23*t0**6*t1**3 + 39*t0**6*t1**2 - 27*t0**6*t1 + 6*t0**6 + 6*t0**5*t1**5 - 38*t0**5*t1**4 + 100*t0**5*t1**3 - 134*t0**5*t1**2 + 88*t0**5*t1 - 22*t0**5 + 5*t0**4*t1**6 - 38*t0**4*t1**5 + 128*t0**4*t1**4 - 242*t0**4*t1**3 + 268*t0**4*t1**2 - 163*t0**4*t1 + 42*t0**4 + 2*t0**3*t1**7 - 23*t0**3*t1**6 + 100*t0**3*t1**5 - 242*t0**3*t1**4 + 366*t0**3*t1**3 - 354*t0**3*t1**2 + 203*t0**3*t1 - 52*t0**3 - 5*t0**2*t1**7 + 39*t0**2*t1**6 - 134*t0**2*t1**5 + 268*t0**2*t1**4 - 354*t0**2*t1**3 + 316*t0**2*t1**2 - 175*t0**2*t1 + 45*t0**2 + 3*t0*t1**7 - 27*t0*t1**6 + 88*t0*t1**5 - 163*t0*t1**4 + 203*t0*t1**3 - 175*t0*t1**2 + 96*t0*t1 - 25*t0 + 6*t1**6 - 22*t1**5 + 42*t1**4 - 52*t1**3 + 45*t1**2 - 25*t1 + 7,"[[   7  -25   45  -52   42  -22    6    0]
 [ -25   96 -175  203 -163   88  -27    3]
 [  45 -175  316 -354  268 -134   39   -5]
 [ -52  203 -354  366 -242  100  -23    2]
 [  42 -163  268 -242  128  -38    5    0]
 [ -22   88 -134  100  -38    6    0    0]
 [   6  -27   39  -23    5    0    0    0]
 [   0    3   -5    2    0    0    0    0]]",0
"LinksGouldInvariant[2, 1, PrimeKnot[10, ""A"", 9]]",(y**2 + y**(-2))*(-43/x - 239/x**3 - 326/x**5 - 151/x**7 - 21/x**9) + (y**4 + y**(-4))*(60/x**2 + 184/x**4 + 148/x**6 + 41/x**8 + 2/x**10) + (y**6 + y**(-6))*(-41/x**3 - 70/x**5 - 34/x**7 - 5/x**9) + (y**8 + y**(-8))*(12/x**4 + 10/x**6 + 3/x**8) + 13 + 158/x**2 + 388/x**4 + 298/x**6 + 80/x**8 + 4/x**10,2*t0**6*t1**4 - 5*t0**6*t1**3 + 3*t0**6*t1**2 + 4*t0**5*t1**5 - 21*t0**5*t1**4 + 41*t0**5*t1**3 - 34*t0**5*t1**2 + 10*t0**5*t1 + 2*t0**4*t1**6 - 21*t0**4*t1**5 + 80*t0**4*t1**4 - 151*t0**4*t1**3 + 148*t0**4*t1**2 - 70*t0**4*t1 + 12*t0**4 - 5*t0**3*t1**6 + 41*t0**3*t1**5 - 151*t0**3*t1**4 + 298*t0**3*t1**3 - 326*t0**3*t1**2 + 184*t0**3*t1 - 41*t0**3 + 3*t0**2*t1**6 - 34*t0**2*t1**5 + 148*t0**2*t1**4 - 326*t0**2*t1**3 + 388*t0**2*t1**2 - 239*t0**2*t1 + 60*t0**2 + 10*t0*t1**5 - 70*t0*t1**4 + 184*t0*t1**3 - 239*t0*t1**2 + 158*t0*t1 - 43*t0 + 12*t1**4 - 41*t1**3 + 60*t1**2 - 43*t1 + 13,"[[  13  -43   60  -41   12    0    0]
 [ -43  158 -239  184  -70   10    0]
 [  60 -239  388 -326  148  -34    3]
 [ -41  184 -326  298 -151   41   -5]
 [  12  -70  148 -151   80  -21    2]
 [   0   10  -34   41  -21    4    0]
 [   0    0    3   -5    2    0    0]]",0
"LinksGouldInvariant[2, 1, PrimeKnot[10, ""A"", 10]]",48*x**4 + 340*x**2 + y**12 + (-7*x - 7/x)*(y**10 + y**(-10)) + (y**2 + y**(-2))*(-6*x**5 - 131*x**3 - 448*x - 446/x - 129/x**3 - 6/x**5) + (y**4 + y**(-4))*(20*x**4 + 172*x**2 + 323 + 174/x**2 + 21/x**4) + (y**6 + y**(-6))*(-27*x**3 - 122*x - 124/x - 29/x**3) + (y**8 + y**(-8))*(19*x**2 + 46 + 20/x**2) + 605 + y**(-12) + 334/x**2 + 46/x**4,-6*t0**3*t1**2 + 21*t0**3*t1 - 29*t0**3 + 20*t0**3/t1 - 7*t0**3/t1**2 + t0**3/t1**3 - 6*t0**2*t1**3 + 46*t0**2*t1**2 - 129*t0**2*t1 + 174*t0**2 - 124*t0**2/t1 + 46*t0**2/t1**2 - 7*t0**2/t1**3 + 21*t0*t1**3 - 129*t0*t1**2 + 334*t0*t1 - 446*t0 + 323*t0/t1 - 122*t0/t1**2 + 19*t0/t1**3 - 29*t1**3 + 174*t1**2 - 446*t1 + 605 - 448/t1 + 172/t1**2 - 27/t1**3 + 20*t1**3/t0 - 124*t1**2/t0 + 323*t1/t0 - 448/t0 + 340/(t0*t1) - 131/(t0*t1**2) + 20/(t0*t1**3) - 7*t1**3/t0**2 + 46*t1**2/t0**2 - 122*t1/t0**2 + 172/t0**2 - 131/(t0**2*t1) + 48/(t0**2*t1**2) - 6/(t0**2*t1**3) + t1**3/t0**3 - 7*t1**2/t0**3 + 19*t1/t0**3 - 27/t0**3 + 20/(t0**3*t1) - 6/(t0**3*t1**2),"[[   0   -6   20  -27   19   -7    1]
 [  -6   48 -131  172 -122   46   -7]
 [  20 -131  340 -448  323 -124   20]
 [ -27  172 -448  605 -446  174  -29]
 [  19 -122  323 -446  334 -129   21]
 [  -7   46 -124  174 -129   46   -6]
 [   1   -7   20  -29   21   -6    0]]",0
"LinksGouldInvariant[2, 1, PrimeKnot[10, ""A"", 11]]",86*x**4 + 618*x**2 + y**12 + (-8*x - 8/x)*(y**10 + y**(-10)) + (y**2 + y**(-2))*(-10*x**5 - 233*x**3 - 797*x - 797/x - 233/x**3 - 10/x**5) + (y**4 + y**(-4))*(33*x**4 + 290*x**2 + 538 + 290/x**2 + 33/x**4) + (y**6 + y**(-6))*(-42*x**3 - 185*x - 185/x - 42/x**3) + (y**8 + y**(-8))*(26*x**2 + 60 + 26/x**2) + 1099 + y**(-12) + 618/x**2 + 86/x**4,-10*t0**3*t1**2 + 33*t0**3*t1 - 42*t0**3 + 26*t0**3/t1 - 8*t0**3/t1**2 + t0**3/t1**3 - 10*t0**2*t1**3 + 86*t0**2*t1**2 - 233*t0**2*t1 + 290*t0**2 - 185*t0**2/t1 + 60*t0**2/t1**2 - 8*t0**2/t1**3 + 33*t0*t1**3 - 233*t0*t1**2 + 618*t0*t1 - 797*t0 + 538*t0/t1 - 185*t0/t1**2 + 26*t0/t1**3 - 42*t1**3 + 290*t1**2 - 797*t1 + 1099 - 797/t1 + 290/t1**2 - 42/t1**3 + 26*t1**3/t0 - 185*t1**2/t0 + 538*t1/t0 - 797/t0 + 618/(t0*t1) - 233/(t0*t1**2) + 33/(t0*t1**3) - 8*t1**3/t0**2 + 60*t1**2/t0**2 - 185*t1/t0**2 + 290/t0**2 - 233/(t0**2*t1) + 86/(t0**2*t1**2) - 10/(t0**2*t1**3) + t1**3/t0**3 - 8*t1**2/t0**3 + 26*t1/t0**3 - 42/t0**3 + 33/(t0**3*t1) - 10/(t0**3*t1**2),"[[   0  -10   33  -42   26   -8    1]
 [ -10   86 -233  290 -185   60   -8]
 [  33 -233  618 -797  538 -185   26]
 [ -42  290 -797 1099 -797  290  -42]
 [  26 -185  538 -797  618 -233   33]
 [  -8   60 -185  290 -233   86  -10]
 [   1   -8   26  -42   33  -10    0]]",0
"LinksGouldInvariant[2, 1, PrimeKnot[10, ""A"", 12]]",26*x**2 + (y**2 + y**(-2))*(-88*x - 507/x - 707/x**3 - 329/x**5 - 41/x**7) + (y**4 + y**(-4))*(113 + 350/x**2 + 281/x**4 + 68/x**6 + 2/x**8) + (y**6 + y**(-6))*(-65/x - 107/x**3 - 45/x**5 - 3/x**7) + (y**8 + y**(-8))*(14/x**2 + 10/x**4 + x**(-6)) + 343 + 864/x**2 + 686/x**4 + 180/x**6 + 8/x**8,2*t0**5*t1**3 - 3*t0**5*t1**2 + t0**5*t1 + 8*t0**4*t1**4 - 41*t0**4*t1**3 + 68*t0**4*t1**2 - 45*t0**4*t1 + 10*t0**4 + 2*t0**3*t1**5 - 41*t0**3*t1**4 + 180*t0**3*t1**3 - 329*t0**3*t1**2 + 281*t0**3*t1 - 107*t0**3 + 14*t0**3/t1 - 3*t0**2*t1**5 + 68*t0**2*t1**4 - 329*t0**2*t1**3 + 686*t0**2*t1**2 - 707*t0**2*t1 + 350*t0**2 - 65*t0**2/t1 + t0*t1**5 - 45*t0*t1**4 + 281*t0*t1**3 - 707*t0*t1**2 + 864*t0*t1 - 507*t0 + 113*t0/t1 + 10*t1**4 - 107*t1**3 + 350*t1**2 - 507*t1 + 343 - 88/t1 + 14*t1**3/t0 - 65*t1**2/t0 + 113*t1/t0 - 88/t0 + 26/(t0*t1),"[[  26  -88  113  -65   14    0    0]
 [ -88  343 -507  350 -107   10    0]
 [ 113 -507  864 -707  281  -45    1]
 [ -65  350 -707  686 -329   68   -3]
 [  14 -107  281 -329  180  -41    2]
 [   0   10  -45   68  -41    8    0]
 [   0    0    1   -3    2    0    0]]",0
"LinksGouldInvariant[2, 1, PrimeKnot[10, ""A"", 13]]",(6/x**6 + 3/x**8)*(y**12 + y**(-12)) + (y**2 + y**(-2))*(-21/x - 119/x**3 - 229/x**5 - 157/x**7 - 26/x**9) + (y**4 + y**(-4))*(32/x**2 + 135/x**4 + 182/x**6 + 71/x**8 + 4/x**10) + (y**6 + y**(-6))*(-35/x**3 - 116/x**5 - 100/x**7 - 19/x**9) + (y**8 + y**(-8))*(31/x**4 + 70/x**6 + 33/x**8 + 2/x**10) + (y**10 + y**(-10))*(-19/x**5 - 24/x**7 - 5/x**9) + 7 + 72/x**2 + 206/x**4 + 232/x**6 + 82/x**8 + 4/x**10,2*t0**7*t1**3 - 5*t0**7*t1**2 + 3*t0**7*t1 + 4*t0**6*t1**4 - 19*t0**6*t1**3 + 33*t0**6*t1**2 - 24*t0**6*t1 + 6*t0**6 + 4*t0**5*t1**5 - 26*t0**5*t1**4 + 71*t0**5*t1**3 - 100*t0**5*t1**2 + 70*t0**5*t1 - 19*t0**5 + 4*t0**4*t1**6 - 26*t0**4*t1**5 + 82*t0**4*t1**4 - 157*t0**4*t1**3 + 182*t0**4*t1**2 - 116*t0**4*t1 + 31*t0**4 + 2*t0**3*t1**7 - 19*t0**3*t1**6 + 71*t0**3*t1**5 - 157*t0**3*t1**4 + 232*t0**3*t1**3 - 229*t0**3*t1**2 + 135*t0**3*t1 - 35*t0**3 - 5*t0**2*t1**7 + 33*t0**2*t1**6 - 100*t0**2*t1**5 + 182*t0**2*t1**4 - 229*t0**2*t1**3 + 206*t0**2*t1**2 - 119*t0**2*t1 + 32*t0**2 + 3*t0*t1**7 - 24*t0*t1**6 + 70*t0*t1**5 - 116*t0*t1**4 + 135*t0*t1**3 - 119*t0*t1**2 + 72*t0*t1 - 21*t0 + 6*t1**6 - 19*t1**5 + 31*t1**4 - 35*t1**3 + 32*t1**2 - 21*t1 + 7,"[[   7  -21   32  -35   31  -19    6    0]
 [ -21   72 -119  135 -116   70  -24    3]
 [  32 -119  206 -229  182 -100   33   -5]
 [ -35  135 -229  232 -157   71  -19    2]
 [  31 -116  182 -157   82  -26    4    0]
 [ -19   70 -100   71  -26    4    0    0]
 [   6  -24   33  -19    4    0    0    0]
 [   0    3   -5    2    0    0    0    0]]",0
"LinksGouldInvariant[2, 1, PrimeKnot[10, ""A"", 14]]",(y**2 + y**(-2))*(-69/x - 361/x**3 - 466/x**5 - 197/x**7 - 23/x**9) + (y**4 + y**(-4))*(94/x**2 + 272/x**4 + 207/x**6 + 49/x**8 + 2/x**10) + (y**6 + y**(-6))*(-63/x**3 - 103/x**5 - 45/x**7 - 5/x**9) + (y**8 + y**(-8))*(18/x**4 + 15/x**6 + 3/x**8) + 21 + 246/x**2 + 568/x**4 + 410/x**6 + 96/x**8 + 4/x**10,2*t0**6*t1**4 - 5*t0**6*t1**3 + 3*t0**6*t1**2 + 4*t0**5*t1**5 - 23*t0**5*t1**4 + 49*t0**5*t1**3 - 45*t0**5*t1**2 + 15*t0**5*t1 + 2*t0**4*t1**6 - 23*t0**4*t1**5 + 96*t0**4*t1**4 - 197*t0**4*t1**3 + 207*t0**4*t1**2 - 103*t0**4*t1 + 18*t0**4 - 5*t0**3*t1**6 + 49*t0**3*t1**5 - 197*t0**3*t1**4 + 410*t0**3*t1**3 - 466*t0**3*t1**2 + 272*t0**3*t1 - 63*t0**3 + 3*t0**2*t1**6 - 45*t0**2*t1**5 + 207*t0**2*t1**4 - 466*t0**2*t1**3 + 568*t0**2*t1**2 - 361*t0**2*t1 + 94*t0**2 + 15*t0*t1**5 - 103*t0*t1**4 + 272*t0*t1**3 - 361*t0*t1**2 + 246*t0*t1 - 69*t0 + 18*t1**4 - 63*t1**3 + 94*t1**2 - 69*t1 + 21,"[[  21  -69   94  -63   18    0    0]
 [ -69  246 -361  272 -103   15    0]
 [  94 -361  568 -466  207  -45    3]
 [ -63  272 -466  410 -197   49   -5]
 [  18 -103  207 -197   96  -23    2]
 [   0   15  -45   49  -23    4    0]
 [   0    0    3   -5    2    0    0]]",0
"LinksGouldInvariant[2, 1, PrimeKnot[10, ""A"", 15]]",12*x**2 + (-3/x**3 - 3/x**5)*(y**14 + y**(-14)) + (y**2 + y**(-2))*(-2*x**3 - 25*x - 68/x - 84/x**3 - 42/x**5 - 3/x**7) + (y**4 + y**(-4))*(5*x**2 + 31 + 69/x**2 + 66/x**4 + 16/x**6) + (y**6 + y**(-6))*(-6*x - 32/x - 61/x**3 - 38/x**5 - 3/x**7) + (y**8 + y**(-8))*(6 + 30/x**2 + 43/x**4 + 13/x**6) + (y**10 + y**(-10))*(-6/x - 23/x**3 - 19/x**5 - 2/x**7) + (y**12 + y**(-12))*(5/x**2 + 12/x**4 + 4/x**6) + 53 + 88/x**2 + (y**16 + y**(-16))/x**4 + 70/x**4 + 16/x**6,-2*t0**6*t1 + 4*t0**6 - 3*t0**6/t1 + t0**6/t1**2 - 3*t0**5*t1**2 + 13*t0**5*t1 - 19*t0**5 + 12*t0**5/t1 - 3*t0**5/t1**2 - 3*t0**4*t1**3 + 16*t0**4*t1**2 - 38*t0**4*t1 + 43*t0**4 - 23*t0**4/t1 + 5*t0**4/t1**2 - 3*t0**3*t1**4 + 16*t0**3*t1**3 - 42*t0**3*t1**2 + 66*t0**3*t1 - 61*t0**3 + 30*t0**3/t1 - 6*t0**3/t1**2 - 3*t0**2*t1**5 + 16*t0**2*t1**4 - 42*t0**2*t1**3 + 70*t0**2*t1**2 - 84*t0**2*t1 + 69*t0**2 - 32*t0**2/t1 + 6*t0**2/t1**2 - 2*t0*t1**6 + 13*t0*t1**5 - 38*t0*t1**4 + 66*t0*t1**3 - 84*t0*t1**2 + 88*t0*t1 - 68*t0 + 31*t0/t1 - 6*t0/t1**2 + 4*t1**6 - 19*t1**5 + 43*t1**4 - 61*t1**3 + 69*t1**2 - 68*t1 + 53 - 25/t1 + 5/t1**2 - 3*t1**6/t0 + 12*t1**5/t0 - 23*t1**4/t0 + 30*t1**3/t0 - 32*t1**2/t0 + 31*t1/t0 - 25/t0 + 12/(t0*t1) - 2/(t0*t1**2) + t1**6/t0**2 - 3*t1**5/t0**2 + 5*t1**4/t0**2 - 6*t1**3/t0**2 + 6*t1**2/t0**2 - 6*t1/t0**2 + 5/t0**2 - 2/(t0**2*t1),"[[  0  -2   5  -6   6  -6   5  -3   1]
 [ -2  12 -25  31 -32  30 -23  12  -3]
 [  5 -25  53 -68  69 -61  43 -19   4]
 [ -6  31 -68  88 -84  66 -38  13  -2]
 [  6 -32  69 -84  70 -42  16  -3   0]
 [ -6  30 -61  66 -42  16  -3   0   0]
 [  5 -23  43 -38  16  -3   0   0   0]
 [ -3  12 -19  13  -3   0   0   0   0]
 [  1  -3   4  -2   0   0   0   0   0]]",0
"LinksGouldInvariant[2, 1, PrimeKnot[10, ""A"", 16]]",44*x**2 + (3/x**2 + x**(-4))*(y**12 + y**(-12)) + (y**2 + y**(-2))*(-6*x**3 - 109*x - 323/x - 292/x**3 - 75/x**5 - 3/x**7) + (y**4 + y**(-4))*(19*x**2 + 140 + 247/x**2 + 128/x**4 + 17/x**6) + (y**6 + y**(-6))*(-26*x - 110/x - 115/x**3 - 33/x**5 - 2/x**7) + (y**8 + y**(-8))*(21 + 54/x**2 + 30/x**4 + 4/x**6) + (y**10 + y**(-10))*(-11/x - 14/x**3 - 3/x**5) + 255 + 402/x**2 + 194/x**4 + 22/x**6,-2*t0**5*t1**2 + 4*t0**5*t1 - 3*t0**5 + t0**5/t1 - 3*t0**4*t1**3 + 17*t0**4*t1**2 - 33*t0**4*t1 + 30*t0**4 - 14*t0**4/t1 + 3*t0**4/t1**2 - 3*t0**3*t1**4 + 22*t0**3*t1**3 - 75*t0**3*t1**2 + 128*t0**3*t1 - 115*t0**3 + 54*t0**3/t1 - 11*t0**3/t1**2 - 2*t0**2*t1**5 + 17*t0**2*t1**4 - 75*t0**2*t1**3 + 194*t0**2*t1**2 - 292*t0**2*t1 + 247*t0**2 - 110*t0**2/t1 + 21*t0**2/t1**2 + 4*t0*t1**5 - 33*t0*t1**4 + 128*t0*t1**3 - 292*t0*t1**2 + 402*t0*t1 - 323*t0 + 140*t0/t1 - 26*t0/t1**2 - 3*t1**5 + 30*t1**4 - 115*t1**3 + 247*t1**2 - 323*t1 + 255 - 109/t1 + 19/t1**2 + t1**5/t0 - 14*t1**4/t0 + 54*t1**3/t0 - 110*t1**2/t0 + 140*t1/t0 - 109/t0 + 44/(t0*t1) - 6/(t0*t1**2) + 3*t1**4/t0**2 - 11*t1**3/t0**2 + 21*t1**2/t0**2 - 26*t1/t0**2 + 19/t0**2 - 6/(t0**2*t1),"[[   0   -6   19  -26   21  -11    3    0]
 [  -6   44 -109  140 -110   54  -14    1]
 [  19 -109  255 -323  247 -115   30   -3]
 [ -26  140 -323  402 -292  128  -33    4]
 [  21 -110  247 -292  194  -75   17   -2]
 [ -11   54 -115  128  -75   22   -3    0]
 [   3  -14   30  -33   17   -3    0    0]
 [   0    1   -3    4   -2    0    0    0]]",0
"LinksGouldInvariant[2, 1, PrimeKnot[10, ""A"", 17]]",8*x**2 + (-7/x**3 - 7/x**5)*(y**10 + y**(-10)) + (y**2 + y**(-2))*(-28*x - 189/x - 384/x**3 - 266/x**5 - 43/x**7) + (y**4 + y**(-4))*(44 + 192/x**2 + 251/x**4 + 91/x**6 + 4/x**8) + (y**6 + y**(-6))*(-40/x - 120/x**3 - 93/x**5 - 13/x**7) + (y**8 + y**(-8))*(22/x**2 + 44/x**4 + 15/x**6) + 109 + 356/x**2 + (y**12 + y**(-12))/x**4 + 420/x**4 + 152/x**6 + 8/x**8,4*t0**5*t1**3 - 13*t0**5*t1**2 + 15*t0**5*t1 - 7*t0**5 + t0**5/t1 + 8*t0**4*t1**4 - 43*t0**4*t1**3 + 91*t0**4*t1**2 - 93*t0**4*t1 + 44*t0**4 - 7*t0**4/t1 + 4*t0**3*t1**5 - 43*t0**3*t1**4 + 152*t0**3*t1**3 - 266*t0**3*t1**2 + 251*t0**3*t1 - 120*t0**3 + 22*t0**3/t1 - 13*t0**2*t1**5 + 91*t0**2*t1**4 - 266*t0**2*t1**3 + 420*t0**2*t1**2 - 384*t0**2*t1 + 192*t0**2 - 40*t0**2/t1 + 15*t0*t1**5 - 93*t0*t1**4 + 251*t0*t1**3 - 384*t0*t1**2 + 356*t0*t1 - 189*t0 + 44*t0/t1 - 7*t1**5 + 44*t1**4 - 120*t1**3 + 192*t1**2 - 189*t1 + 109 - 28/t1 + t1**5/t0 - 7*t1**4/t0 + 22*t1**3/t0 - 40*t1**2/t0 + 44*t1/t0 - 28/t0 + 8/(t0*t1),"[[   8  -28   44  -40   22   -7    1]
 [ -28  109 -189  192 -120   44   -7]
 [  44 -189  356 -384  251  -93   15]
 [ -40  192 -384  420 -266   91  -13]
 [  22 -120  251 -266  152  -43    4]
 [  -7   44  -93   91  -43    8    0]
 [   1   -7   15  -13    4    0    0]]",0
"LinksGouldInvariant[2, 1, PrimeKnot[10, ""A"", 18]]",28*x**2 + (3/x**2 + x**(-4))*(y**12 + y**(-12)) + (y**2 + y**(-2))*(-4*x**3 - 75*x - 262/x - 271/x**3 - 84/x**5 - 4/x**7) + (y**4 + y**(-4))*(13*x**2 + 109 + 219/x**2 + 129/x**4 + 20/x**6) + (y**6 + y**(-6))*(-20*x - 97/x - 110/x**3 - 35/x**5 - 2/x**7) + (y**8 + y**(-8))*(19 + 52/x**2 + 30/x**4 + 4/x**6) + (y**10 + y**(-10))*(-11/x - 14/x**3 - 3/x**5) + 189 + 346/x**2 + 196/x**4 + 28/x**6,-2*t0**5*t1**2 + 4*t0**5*t1 - 3*t0**5 + t0**5/t1 - 4*t0**4*t1**3 + 20*t0**4*t1**2 - 35*t0**4*t1 + 30*t0**4 - 14*t0**4/t1 + 3*t0**4/t1**2 - 4*t0**3*t1**4 + 28*t0**3*t1**3 - 84*t0**3*t1**2 + 129*t0**3*t1 - 110*t0**3 + 52*t0**3/t1 - 11*t0**3/t1**2 - 2*t0**2*t1**5 + 20*t0**2*t1**4 - 84*t0**2*t1**3 + 196*t0**2*t1**2 - 271*t0**2*t1 + 219*t0**2 - 97*t0**2/t1 + 19*t0**2/t1**2 + 4*t0*t1**5 - 35*t0*t1**4 + 129*t0*t1**3 - 271*t0*t1**2 + 346*t0*t1 - 262*t0 + 109*t0/t1 - 20*t0/t1**2 - 3*t1**5 + 30*t1**4 - 110*t1**3 + 219*t1**2 - 262*t1 + 189 - 75/t1 + 13/t1**2 + t1**5/t0 - 14*t1**4/t0 + 52*t1**3/t0 - 97*t1**2/t0 + 109*t1/t0 - 75/t0 + 28/(t0*t1) - 4/(t0*t1**2) + 3*t1**4/t0**2 - 11*t1**3/t0**2 + 19*t1**2/t0**2 - 20*t1/t0**2 + 13/t0**2 - 4/(t0**2*t1),"[[   0   -4   13  -20   19  -11    3    0]
 [  -4   28  -75  109  -97   52  -14    1]
 [  13  -75  189 -262  219 -110   30   -3]
 [ -20  109 -262  346 -271  129  -35    4]
 [  19  -97  219 -271  196  -84   20   -2]
 [ -11   52 -110  129  -84   28   -4    0]
 [   3  -14   30  -35   20   -4    0    0]
 [   0    1   -3    4   -2    0    0    0]]",0
"LinksGouldInvariant[2, 1, PrimeKnot[10, ""A"", 19]]",12*x**6 + 58*x**4 + 122*x**2 + (y**2 + y**(-2))*(-2*x**7 - 24*x**5 - 74*x**3 - 114*x - 68/x - 6/x**3) + (y**4 + y**(-4))*(4*x**6 + 23*x**4 + 55*x**2 + 61 + 16/x**2) + (y**6 + y**(-6))*(-3*x**5 - 12*x**3 - 24*x - 15/x) + (y**8 + y**(-8))*(x**4 + 3*x**2 + 5) + 123 + 34/x**2,-6*t0**2*t1 + 16*t0**2 - 15*t0**2/t1 + 5*t0**2/t1**2 - 6*t0*t1**2 + 34*t0*t1 - 68*t0 + 61*t0/t1 - 24*t0/t1**2 + 3*t0/t1**3 + 16*t1**2 - 68*t1 + 123 - 114/t1 + 55/t1**2 - 12/t1**3 + t1**(-4) - 15*t1**2/t0 + 61*t1/t0 - 114/t0 + 122/(t0*t1) - 74/(t0*t1**2) + 23/(t0*t1**3) - 3/(t0*t1**4) + 5*t1**2/t0**2 - 24*t1/t0**2 + 55/t0**2 - 74/(t0**2*t1) + 58/(t0**2*t1**2) - 24/(t0**2*t1**3) + 4/(t0**2*t1**4) + 3*t1/t0**3 - 12/t0**3 + 23/(t0**3*t1) - 24/(t0**3*t1**2) + 12/(t0**3*t1**3) - 2/(t0**3*t1**4) + t0**(-4) - 3/(t0**4*t1) + 4/(t0**4*t1**2) - 2/(t0**4*t1**3),"[[   0   -2    4   -3    1    0    0]
 [  -2   12  -24   23  -12    3    0]
 [   4  -24   58  -74   55  -24    5]
 [  -3   23  -74  122 -114   61  -15]
 [   1  -12   55 -114  123  -68   16]
 [   0    3  -24   61  -68   34   -6]
 [   0    0    5  -15   16   -6    0]]",0
"LinksGouldInvariant[2, 1, PrimeKnot[10, ""A"", 20]]",8*x**6 + 124*x**4 + 416*x**2 + (3*x**2 + 6)*(y**8 + y**(-8)) + (y**2 + y**(-2))*(-28*x**5 - 197*x**3 - 405*x - 283/x - 47/x**3) + (y**4 + y**(-4))*(34*x**4 + 143*x**2 + 183 + 58/x**2) + (y**6 + y**(-6))*(-17*x**3 - 48*x - 31/x) + 505 + 192/x**2 + 14/x**4,14*t0**2*t1**2 - 47*t0**2*t1 + 58*t0**2 - 31*t0**2/t1 + 6*t0**2/t1**2 - 47*t0*t1**2 + 192*t0*t1 - 283*t0 + 183*t0/t1 - 48*t0/t1**2 + 3*t0/t1**3 + 58*t1**2 - 283*t1 + 505 - 405/t1 + 143/t1**2 - 17/t1**3 - 31*t1**2/t0 + 183*t1/t0 - 405/t0 + 416/(t0*t1) - 197/(t0*t1**2) + 34/(t0*t1**3) + 6*t1**2/t0**2 - 48*t1/t0**2 + 143/t0**2 - 197/(t0**2*t1) + 124/(t0**2*t1**2) - 28/(t0**2*t1**3) + 3*t1/t0**3 - 17/t0**3 + 34/(t0**3*t1) - 28/(t0**3*t1**2) + 8/(t0**3*t1**3),"[[   8  -28   34  -17    3    0]
 [ -28  124 -197  143  -48    6]
 [  34 -197  416 -405  183  -31]
 [ -17  143 -405  505 -283   58]
 [   3  -48  183 -283  192  -47]
 [   0    6  -31   58  -47   14]]",0
"LinksGouldInvariant[2, 1, PrimeKnot[10, ""A"", 21]]",104*x**2 + (-8/x - 8/x**3)*(y**10 + y**(-10)) + (y**2 + y**(-2))*(-12*x**3 - 257*x - 786/x - 727/x**3 - 194/x**5 - 8/x**7) + (y**4 + y**(-4))*(36*x**2 + 298 + 523/x**2 + 266/x**4 + 29/x**6) + (y**6 + y**(-6))*(-43*x - 185/x - 182/x**3 - 40/x**5) + (y**8 + y**(-8))*(26 + 60/x**2 + 26/x**4) + 641 + (y**12 + y**(-12))/x**2 + 1032/x**2 + 528/x**4 + 66/x**6,-8*t0**4*t1**3 + 29*t0**4*t1**2 - 40*t0**4*t1 + 26*t0**4 - 8*t0**4/t1 + t0**4/t1**2 - 8*t0**3*t1**4 + 66*t0**3*t1**3 - 194*t0**3*t1**2 + 266*t0**3*t1 - 182*t0**3 + 60*t0**3/t1 - 8*t0**3/t1**2 + 29*t0**2*t1**4 - 194*t0**2*t1**3 + 528*t0**2*t1**2 - 727*t0**2*t1 + 523*t0**2 - 185*t0**2/t1 + 26*t0**2/t1**2 - 40*t0*t1**4 + 266*t0*t1**3 - 727*t0*t1**2 + 1032*t0*t1 - 786*t0 + 298*t0/t1 - 43*t0/t1**2 + 26*t1**4 - 182*t1**3 + 523*t1**2 - 786*t1 + 641 - 257/t1 + 36/t1**2 - 8*t1**4/t0 + 60*t1**3/t0 - 185*t1**2/t0 + 298*t1/t0 - 257/t0 + 104/(t0*t1) - 12/(t0*t1**2) + t1**4/t0**2 - 8*t1**3/t0**2 + 26*t1**2/t0**2 - 43*t1/t0**2 + 36/t0**2 - 12/(t0**2*t1),"[[   0  -12   36  -43   26   -8    1]
 [ -12  104 -257  298 -185   60   -8]
 [  36 -257  641 -786  523 -182   26]
 [ -43  298 -786 1032 -727  266  -40]
 [  26 -185  523 -727  528 -194   29]
 [  -8   60 -182  266 -194   66   -8]
 [   1   -8   26  -40   29   -8    0]]",0
"LinksGouldInvariant[2, 1, PrimeKnot[10, ""A"", 22]]",6*x**6 + 142*x**4 + x**2*(y**12 + y**(-12)) + 398*x**2 + (-7*x**3 - 7*x)*(y**10 + y**(-10)) + (y**2 + y**(-2))*(-42*x**5 - 258*x**3 - 360*x - 165/x - 21/x**3) + (y**4 + y**(-4))*(6*x**6 + 98*x**4 + 246*x**2 + 171 + 33/x**2) + (y**6 + y**(-6))*(-17*x**5 - 99*x**3 - 114*x - 32/x) + (y**8 + y**(-8))*(17*x**4 + 44*x**2 + 20) + 329 + 92/x**2 + 6/x**4,6*t0**2*t1**2 - 21*t0**2*t1 + 33*t0**2 - 32*t0**2/t1 + 20*t0**2/t1**2 - 7*t0**2/t1**3 + t0**2/t1**4 - 21*t0*t1**2 + 92*t0*t1 - 165*t0 + 171*t0/t1 - 114*t0/t1**2 + 44*t0/t1**3 - 7*t0/t1**4 + 33*t1**2 - 165*t1 + 329 - 360/t1 + 246/t1**2 - 99/t1**3 + 17/t1**4 - 32*t1**2/t0 + 171*t1/t0 - 360/t0 + 398/(t0*t1) - 258/(t0*t1**2) + 98/(t0*t1**3) - 17/(t0*t1**4) + 20*t1**2/t0**2 - 114*t1/t0**2 + 246/t0**2 - 258/(t0**2*t1) + 142/(t0**2*t1**2) - 42/(t0**2*t1**3) + 6/(t0**2*t1**4) - 7*t1**2/t0**3 + 44*t1/t0**3 - 99/t0**3 + 98/(t0**3*t1) - 42/(t0**3*t1**2) + 6/(t0**3*t1**3) + t1**2/t0**4 - 7*t1/t0**4 + 17/t0**4 - 17/(t0**4*t1) + 6/(t0**4*t1**2),"[[   0    0    6  -17   17   -7    1]
 [   0    6  -42   98  -99   44   -7]
 [   6  -42  142 -258  246 -114   20]
 [ -17   98 -258  398 -360  171  -32]
 [  17  -99  246 -360  329 -165   33]
 [  -7   44 -114  171 -165   92  -21]
 [   1   -7   20  -32   33  -21    6]]",0
"LinksGouldInvariant[2, 1, PrimeKnot[10, ""A"", 23]]",6*x**6 + 70*x**4 + 230*x**2 + (x**2 + 3)*(y**8 + y**(-8)) + (y**2 + y**(-2))*(-17*x**5 - 105*x**3 - 228*x - 171/x - 31/x**3) + (y**4 + y**(-4))*(17*x**4 + 73*x**2 + 103 + 35/x**2) + (y**6 + y**(-6))*(-7*x**3 - 24*x - 17/x) + 299 + 122/x**2 + 10/x**4,10*t0**2*t1**2 - 31*t0**2*t1 + 35*t0**2 - 17*t0**2/t1 + 3*t0**2/t1**2 - 31*t0*t1**2 + 122*t0*t1 - 171*t0 + 103*t0/t1 - 24*t0/t1**2 + t0/t1**3 + 35*t1**2 - 171*t1 + 299 - 228/t1 + 73/t1**2 - 7/t1**3 - 17*t1**2/t0 + 103*t1/t0 - 228/t0 + 230/(t0*t1) - 105/(t0*t1**2) + 17/(t0*t1**3) + 3*t1**2/t0**2 - 24*t1/t0**2 + 73/t0**2 - 105/(t0**2*t1) + 70/(t0**2*t1**2) - 17/(t0**2*t1**3) + t1/t0**3 - 7/t0**3 + 17/(t0**3*t1) - 17/(t0**3*t1**2) + 6/(t0**3*t1**3),"[[   6  -17   17   -7    1    0]
 [ -17   70 -105   73  -24    3]
 [  17 -105  230 -228  103  -17]
 [  -7   73 -228  299 -171   35]
 [   1  -24  103 -171  122  -31]
 [   0    3  -17   35  -31   10]]",0
"LinksGouldInvariant[2, 1, PrimeKnot[10, ""A"", 24]]",10*x**6 + 182*x**4 + 706*x**2 + y**12 + (-7*x - 7/x)*(y**10 + y**(-10)) + (y**2 + y**(-2))*(-39*x**5 - 334*x**3 - 753*x - 553/x - 95/x**3) + (y**4 + y**(-4))*(62*x**4 + 315*x**2 + 436 + 169/x**2 + 8/x**4) + (y**6 + y**(-6))*(-52*x**3 - 167*x - 135/x - 20/x**3) + (y**8 + y**(-8))*(25*x**2 + 50 + 18/x**2) + 895 + y**(-12) + 346/x**2 + 18/x**4,8*t0**3*t1 - 20*t0**3 + 18*t0**3/t1 - 7*t0**3/t1**2 + t0**3/t1**3 + 18*t0**2*t1**2 - 95*t0**2*t1 + 169*t0**2 - 135*t0**2/t1 + 50*t0**2/t1**2 - 7*t0**2/t1**3 + 8*t0*t1**3 - 95*t0*t1**2 + 346*t0*t1 - 553*t0 + 436*t0/t1 - 167*t0/t1**2 + 25*t0/t1**3 - 20*t1**3 + 169*t1**2 - 553*t1 + 895 - 753/t1 + 315/t1**2 - 52/t1**3 + 18*t1**3/t0 - 135*t1**2/t0 + 436*t1/t0 - 753/t0 + 706/(t0*t1) - 334/(t0*t1**2) + 62/(t0*t1**3) - 7*t1**3/t0**2 + 50*t1**2/t0**2 - 167*t1/t0**2 + 315/t0**2 - 334/(t0**2*t1) + 182/(t0**2*t1**2) - 39/(t0**2*t1**3) + t1**3/t0**3 - 7*t1**2/t0**3 + 25*t1/t0**3 - 52/t0**3 + 62/(t0**3*t1) - 39/(t0**3*t1**2) + 10/(t0**3*t1**3),"[[  10  -39   62  -52   25   -7    1]
 [ -39  182 -334  315 -167   50   -7]
 [  62 -334  706 -753  436 -135   18]
 [ -52  315 -753  895 -553  169  -20]
 [  25 -167  436 -553  346  -95    8]
 [  -7   50 -135  169  -95   18    0]
 [   1   -7   18  -20    8    0    0]]",0
"LinksGouldInvariant[2, 1, PrimeKnot[10, ""A"", 25]]",68*x**4 + 478*x**2 + y**12 + (-7*x - 7/x)*(y**10 + y**(-10)) + (y**2 + y**(-2))*(-8*x**5 - 181*x**3 - 616*x - 616/x - 181/x**3 - 8/x**5) + (y**4 + y**(-4))*(26*x**4 + 224*x**2 + 417 + 224/x**2 + 26/x**4) + (y**6 + y**(-6))*(-33*x**3 - 145*x - 145/x - 33/x**3) + (y**8 + y**(-8))*(21*x**2 + 49 + 21/x**2) + 851 + y**(-12) + 478/x**2 + 68/x**4,-8*t0**3*t1**2 + 26*t0**3*t1 - 33*t0**3 + 21*t0**3/t1 - 7*t0**3/t1**2 + t0**3/t1**3 - 8*t0**2*t1**3 + 68*t0**2*t1**2 - 181*t0**2*t1 + 224*t0**2 - 145*t0**2/t1 + 49*t0**2/t1**2 - 7*t0**2/t1**3 + 26*t0*t1**3 - 181*t0*t1**2 + 478*t0*t1 - 616*t0 + 417*t0/t1 - 145*t0/t1**2 + 21*t0/t1**3 - 33*t1**3 + 224*t1**2 - 616*t1 + 851 - 616/t1 + 224/t1**2 - 33/t1**3 + 21*t1**3/t0 - 145*t1**2/t0 + 417*t1/t0 - 616/t0 + 478/(t0*t1) - 181/(t0*t1**2) + 26/(t0*t1**3) - 7*t1**3/t0**2 + 49*t1**2/t0**2 - 145*t1/t0**2 + 224/t0**2 - 181/(t0**2*t1) + 68/(t0**2*t1**2) - 8/(t0**2*t1**3) + t1**3/t0**3 - 7*t1**2/t0**3 + 21*t1/t0**3 - 33/t0**3 + 26/(t0**3*t1) - 8/(t0**3*t1**2),"[[   0   -8   26  -33   21   -7    1]
 [  -8   68 -181  224 -145   49   -7]
 [  26 -181  478 -616  417 -145   21]
 [ -33  224 -616  851 -616  224  -33]
 [  21 -145  417 -616  478 -181   26]
 [  -7   49 -145  224 -181   68   -8]
 [   1   -7   21  -33   26   -8    0]]",0
"LinksGouldInvariant[2, 1, PrimeKnot[10, ""A"", 26]]",4*x**8 + 94*x**6 + 276*x**4 + 242*x**2 + (x**6 + 3*x**4)*(y**12 + y**(-12)) + (y**2 + y**(-2))*(-28*x**7 - 182*x**5 - 267*x**3 - 133*x - 20/x) + (y**4 + y**(-4))*(4*x**8 + 77*x**6 + 201*x**4 + 147*x**2 + 32) + (y**6 + y**(-6))*(-19*x**7 - 100*x**5 - 115*x**3 - 34*x) + (y**8 + y**(-8))*(2*x**8 + 28*x**6 + 60*x**4 + 26*x**2) + (y**10 + y**(-10))*(-3*x**7 - 16*x**5 - 13*x**3) + 77 + 6/x**2,6*t0*t1 - 20*t0 + 32*t0/t1 - 34*t0/t1**2 + 26*t0/t1**3 - 13*t0/t1**4 + 3*t0/t1**5 - 20*t1 + 77 - 133/t1 + 147/t1**2 - 115/t1**3 + 60/t1**4 - 16/t1**5 + t1**(-6) + 32*t1/t0 - 133/t0 + 242/(t0*t1) - 267/(t0*t1**2) + 201/(t0*t1**3) - 100/(t0*t1**4) + 28/(t0*t1**5) - 3/(t0*t1**6) - 34*t1/t0**2 + 147/t0**2 - 267/(t0**2*t1) + 276/(t0**2*t1**2) - 182/(t0**2*t1**3) + 77/(t0**2*t1**4) - 19/(t0**2*t1**5) + 2/(t0**2*t1**6) + 26*t1/t0**3 - 115/t0**3 + 201/(t0**3*t1) - 182/(t0**3*t1**2) + 94/(t0**3*t1**3) - 28/(t0**3*t1**4) + 4/(t0**3*t1**5) - 13*t1/t0**4 + 60/t0**4 - 100/(t0**4*t1) + 77/(t0**4*t1**2) - 28/(t0**4*t1**3) + 4/(t0**4*t1**4) + 3*t1/t0**5 - 16/t0**5 + 28/(t0**5*t1) - 19/(t0**5*t1**2) + 4/(t0**5*t1**3) + t0**(-6) - 3/(t0**6*t1) + 2/(t0**6*t1**2),"[[   0    0    0    0    2   -3    1    0]
 [   0    0    0    4  -19   28  -16    3]
 [   0    0    4  -28   77 -100   60  -13]
 [   0    4  -28   94 -182  201 -115   26]
 [   2  -19   77 -182  276 -267  147  -34]
 [  -3   28 -100  201 -267  242 -133   32]
 [   1  -16   60 -115  147 -133   77  -20]
 [   0    3  -13   26  -34   32  -20    6]]",0
"LinksGouldInvariant[2, 1, PrimeKnot[10, ""A"", 27]]",8*x**4 + 232*x**2 + y**12 + (-7*x - 7/x)*(y**10 + y**(-10)) + (y**2 + y**(-2))*(-64*x**3 - 399*x - 558/x - 254/x**3 - 31/x**5) + (y**4 + y**(-4))*(8*x**4 + 134*x**2 + 341 + 245/x**2 + 49/x**4) + (y**6 + y**(-6))*(-20*x**3 - 118*x - 140/x - 42/x**3) + (y**8 + y**(-8))*(18*x**2 + 47 + 22/x**2) + 641 + y**(-12) + 522/x**2 + 140/x**4 + 8/x**6,8*t0**3*t1**3 - 31*t0**3*t1**2 + 49*t0**3*t1 - 42*t0**3 + 22*t0**3/t1 - 7*t0**3/t1**2 + t0**3/t1**3 - 31*t0**2*t1**3 + 140*t0**2*t1**2 - 254*t0**2*t1 + 245*t0**2 - 140*t0**2/t1 + 47*t0**2/t1**2 - 7*t0**2/t1**3 + 49*t0*t1**3 - 254*t0*t1**2 + 522*t0*t1 - 558*t0 + 341*t0/t1 - 118*t0/t1**2 + 18*t0/t1**3 - 42*t1**3 + 245*t1**2 - 558*t1 + 641 - 399/t1 + 134/t1**2 - 20/t1**3 + 22*t1**3/t0 - 140*t1**2/t0 + 341*t1/t0 - 399/t0 + 232/(t0*t1) - 64/(t0*t1**2) + 8/(t0*t1**3) - 7*t1**3/t0**2 + 47*t1**2/t0**2 - 118*t1/t0**2 + 134/t0**2 - 64/(t0**2*t1) + 8/(t0**2*t1**2) + t1**3/t0**3 - 7*t1**2/t0**3 + 18*t1/t0**3 - 20/t0**3 + 8/(t0**3*t1),"[[   0    0    8  -20   18   -7    1]
 [   0    8  -64  134 -118   47   -7]
 [   8  -64  232 -399  341 -140   22]
 [ -20  134 -399  641 -558  245  -42]
 [  18 -118  341 -558  522 -254   49]
 [  -7   47 -140  245 -254  140  -31]
 [   1   -7   22  -42   49  -31    8]]",0
"LinksGouldInvariant[2, 1, PrimeKnot[10, ""A"", 28]]",6*x**2 + (3/x**4 + x**(-6))*(y**12 + y**(-12)) + (y**2 + y**(-2))*(-21*x - 148/x - 309/x**3 - 218/x**5 - 36/x**7) + (y**4 + y**(-4))*(35 + 165/x**2 + 229/x**4 + 90/x**6 + 5/x**8) + (y**6 + y**(-6))*(-37/x - 125/x**3 - 109/x**5 - 21/x**7) + (y**8 + y**(-8))*(27/x**2 + 62/x**4 + 29/x**6 + 2/x**8) + (y**10 + y**(-10))*(-13/x**3 - 16/x**5 - 3/x**7) + 83 + 276/x**2 + 328/x**4 + 118/x**6 + 6/x**8,2*t0**6*t1**2 - 3*t0**6*t1 + t0**6 + 5*t0**5*t1**3 - 21*t0**5*t1**2 + 29*t0**5*t1 - 16*t0**5 + 3*t0**5/t1 + 6*t0**4*t1**4 - 36*t0**4*t1**3 + 90*t0**4*t1**2 - 109*t0**4*t1 + 62*t0**4 - 13*t0**4/t1 + 5*t0**3*t1**5 - 36*t0**3*t1**4 + 118*t0**3*t1**3 - 218*t0**3*t1**2 + 229*t0**3*t1 - 125*t0**3 + 27*t0**3/t1 + 2*t0**2*t1**6 - 21*t0**2*t1**5 + 90*t0**2*t1**4 - 218*t0**2*t1**3 + 328*t0**2*t1**2 - 309*t0**2*t1 + 165*t0**2 - 37*t0**2/t1 - 3*t0*t1**6 + 29*t0*t1**5 - 109*t0*t1**4 + 229*t0*t1**3 - 309*t0*t1**2 + 276*t0*t1 - 148*t0 + 35*t0/t1 + t1**6 - 16*t1**5 + 62*t1**4 - 125*t1**3 + 165*t1**2 - 148*t1 + 83 - 21/t1 + 3*t1**5/t0 - 13*t1**4/t0 + 27*t1**3/t0 - 37*t1**2/t0 + 35*t1/t0 - 21/t0 + 6/(t0*t1),"[[   6  -21   35  -37   27  -13    3    0]
 [ -21   83 -148  165 -125   62  -16    1]
 [  35 -148  276 -309  229 -109   29   -3]
 [ -37  165 -309  328 -218   90  -21    2]
 [  27 -125  229 -218  118  -36    5    0]
 [ -13   62 -109   90  -36    6    0    0]
 [   3  -16   29  -21    5    0    0    0]
 [   0    1   -3    2    0    0    0    0]]",0
"LinksGouldInvariant[2, 1, PrimeKnot[10, ""A"", 29]]",4*x**8 + 80*x**6 + 294*x**4 + 380*x**2 + (y**2 + y**(-2))*(-21*x**7 - 146*x**5 - 314*x**3 - 229*x - 40/x) + (y**4 + y**(-4))*(2*x**8 + 36*x**6 + 133*x**4 + 168*x**2 + 54) + (y**6 + y**(-6))*(-3*x**7 - 25*x**5 - 57*x**3 - 35*x) + (y**8 + y**(-8))*(x**6 + 6*x**4 + 9*x**2) + 153 + 12/x**2,12*t0*t1 - 40*t0 + 54*t0/t1 - 35*t0/t1**2 + 9*t0/t1**3 - 40*t1 + 153 - 229/t1 + 168/t1**2 - 57/t1**3 + 6/t1**4 + 54*t1/t0 - 229/t0 + 380/(t0*t1) - 314/(t0*t1**2) + 133/(t0*t1**3) - 25/(t0*t1**4) + 1/(t0*t1**5) - 35*t1/t0**2 + 168/t0**2 - 314/(t0**2*t1) + 294/(t0**2*t1**2) - 146/(t0**2*t1**3) + 36/(t0**2*t1**4) - 3/(t0**2*t1**5) + 9*t1/t0**3 - 57/t0**3 + 133/(t0**3*t1) - 146/(t0**3*t1**2) + 80/(t0**3*t1**3) - 21/(t0**3*t1**4) + 2/(t0**3*t1**5) + 6/t0**4 - 25/(t0**4*t1) + 36/(t0**4*t1**2) - 21/(t0**4*t1**3) + 4/(t0**4*t1**4) + 1/(t0**5*t1) - 3/(t0**5*t1**2) + 2/(t0**5*t1**3),"[[   0    0    2   -3    1    0    0]
 [   0    4  -21   36  -25    6    0]
 [   2  -21   80 -146  133  -57    9]
 [  -3   36 -146  294 -314  168  -35]
 [   1  -25  133 -314  380 -229   54]
 [   0    6  -57  168 -229  153  -40]
 [   0    0    9  -35   54  -40   12]]",0
