key,original,newExpr,A,test
"LinksGouldInvariant[2, 1, PrimeKnot[11, ""A"", 1]]",12*x**4 + 242*x**2 + (3/x**2 + x**(-4))*(y**12 + y**(-12)) + (y**2 + y**(-2))*(-51*x**3 - 483*x - 1224/x - 1061/x**3 - 279/x**5 - 10/x**7) + (y**4 + y**(-4))*(93*x**2 + 531 + 847/x**2 + 432/x**4 + 53/x**6) + (y**6 + y**(-6))*(-94*x - 346/x - 340/x**3 - 92/x**5 - 4/x**7) + (y**8 + y**(-8))*(56 + 130/x**2 + 70/x**4 + 8/x**6) + (y**10 + y**(-10))*(-19/x - 24/x**3 - 5/x**5) + 1043 + 1500/x**2 + 734/x**4 + 86/x**6,-4*t0**5*t1**2 + 8*t0**5*t1 - 5*t0**5 + t0**5/t1 - 10*t0**4*t1**3 + 53*t0**4*t1**2 - 92*t0**4*t1 + 70*t0**4 - 24*t0**4/t1 + 3*t0**4/t1**2 - 10*t0**3*t1**4 + 86*t0**3*t1**3 - 279*t0**3*t1**2 + 432*t0**3*t1 - 340*t0**3 + 130*t0**3/t1 - 19*t0**3/t1**2 - 4*t0**2*t1**5 + 53*t0**2*t1**4 - 279*t0**2*t1**3 + 734*t0**2*t1**2 - 1061*t0**2*t1 + 847*t0**2 - 346*t0**2/t1 + 56*t0**2/t1**2 + 8*t0*t1**5 - 92*t0*t1**4 + 432*t0*t1**3 - 1061*t0*t1**2 + 1500*t0*t1 - 1224*t0 + 531*t0/t1 - 94*t0/t1**2 - 5*t1**5 + 70*t1**4 - 340*t1**3 + 847*t1**2 - 1224*t1 + 1043 - 483/t1 + 93/t1**2 + t1**5/t0 - 24*t1**4/t0 + 130*t1**3/t0 - 346*t1**2/t0 + 531*t1/t0 - 483/t0 + 242/(t0*t1) - 51/(t0*t1**2) + 3*t1**4/t0**2 - 19*t1**3/t0**2 + 56*t1**2/t0**2 - 94*t1/t0**2 + 93/t0**2 - 51/(t0**2*t1) + 12/(t0**2*t1**2),"[[   12   -51    93   -94    56   -19     3     0]
 [  -51   242  -483   531  -346   130   -24     1]
 [   93  -483  1043 -1224   847  -340    70    -5]
 [  -94   531 -1224  1500 -1061   432   -92     8]
 [   56  -346   847 -1061   734  -279    53    -4]
 [  -19   130  -340   432  -279    86   -10     0]
 [    3   -24    70   -92    53   -10     0     0]
 [    0     1    -5     8    -4     0     0     0]]",0
"LinksGouldInvariant[2, 1, PrimeKnot[11, ""A"", 2]]",14*x**2 + (6/x**4 + 3/x**6)*(y**12 + y**(-12)) + (y**2 + y**(-2))*(-60*x - 557/x - 1368/x**3 - 1152/x**5 - 291/x**7 - 10/x**9) + (y**4 + y**(-4))*(115 + 644/x**2 + 1002/x**4 + 499/x**6 + 57/x**8) + (y**6 + y**(-6))*(-127/x - 462/x**3 - 451/x**5 - 120/x**7 - 4/x**9) + (y**8 + y**(-8))*(86/x**2 + 201/x**4 + 112/x**6 + 12/x**8) + (y**10 + y**(-10))*(-34/x**3 - 45/x**5 - 11/x**7) + 277 + 1158/x**2 + 1612/x**4 + 764/x**6 + 86/x**8,-4*t0**6*t1**3 + 12*t0**6*t1**2 - 11*t0**6*t1 + 3*t0**6 - 10*t0**5*t1**4 + 57*t0**5*t1**3 - 120*t0**5*t1**2 + 112*t0**5*t1 - 45*t0**5 + 6*t0**5/t1 - 10*t0**4*t1**5 + 86*t0**4*t1**4 - 291*t0**4*t1**3 + 499*t0**4*t1**2 - 451*t0**4*t1 + 201*t0**4 - 34*t0**4/t1 - 4*t0**3*t1**6 + 57*t0**3*t1**5 - 291*t0**3*t1**4 + 764*t0**3*t1**3 - 1152*t0**3*t1**2 + 1002*t0**3*t1 - 462*t0**3 + 86*t0**3/t1 + 12*t0**2*t1**6 - 120*t0**2*t1**5 + 499*t0**2*t1**4 - 1152*t0**2*t1**3 + 1612*t0**2*t1**2 - 1368*t0**2*t1 + 644*t0**2 - 127*t0**2/t1 - 11*t0*t1**6 + 112*t0*t1**5 - 451*t0*t1**4 + 1002*t0*t1**3 - 1368*t0*t1**2 + 1158*t0*t1 - 557*t0 + 115*t0/t1 + 3*t1**6 - 45*t1**5 + 201*t1**4 - 462*t1**3 + 644*t1**2 - 557*t1 + 277 - 60/t1 + 6*t1**5/t0 - 34*t1**4/t0 + 86*t1**3/t0 - 127*t1**2/t0 + 115*t1/t0 - 60/t0 + 14/(t0*t1),"[[   14   -60   115  -127    86   -34     6     0]
 [  -60   277  -557   644  -462   201   -45     3]
 [  115  -557  1158 -1368  1002  -451   112   -11]
 [ -127   644 -1368  1612 -1152   499  -120    12]
 [   86  -462  1002 -1152   764  -291    57    -4]
 [  -34   201  -451   499  -291    86   -10     0]
 [    6   -45   112  -120    57   -10     0     0]
 [    0     3   -11    12    -4     0     0     0]]",0
"LinksGouldInvariant[2, 1, PrimeKnot[11, ""A"", 3]]",6*x**4 + 174*x**2 + (-5/x - 5/x**3)*(y**14 + y**(-14)) + (y**2 + y**(-2))*(-41*x**3 - 365*x - 864/x - 707/x**3 - 173/x**5 - 6/x**7) + (y**4 + y**(-4))*(4*x**4 + 99*x**2 + 455 + 672/x**2 + 327/x**4 + 39/x**6) + (y**6 + y**(-6))*(-12*x**3 - 132*x - 376/x - 345/x**3 - 93/x**5 - 4/x**7) + (y**8 + y**(-8))*(17*x**2 + 117 + 210/x**2 + 110/x**4 + 13/x**6) + (y**10 + y**(-10))*(-16*x - 72/x - 73/x**3 - 17/x**5) + (y**12 + y**(-12))*(11 + 28/x**2 + 12/x**4) + 723 + (y**16 + y**(-16))/x**2 + 984/x**2 + 448/x**4 + 48/x**6,-4*t0**5*t1**2 + 13*t0**5*t1 - 17*t0**5 + 12*t0**5/t1 - 5*t0**5/t1**2 + t0**5/t1**3 - 6*t0**4*t1**3 + 39*t0**4*t1**2 - 93*t0**4*t1 + 110*t0**4 - 73*t0**4/t1 + 28*t0**4/t1**2 - 5*t0**4/t1**3 - 6*t0**3*t1**4 + 48*t0**3*t1**3 - 173*t0**3*t1**2 + 327*t0**3*t1 - 345*t0**3 + 210*t0**3/t1 - 72*t0**3/t1**2 + 11*t0**3/t1**3 - 4*t0**2*t1**5 + 39*t0**2*t1**4 - 173*t0**2*t1**3 + 448*t0**2*t1**2 - 707*t0**2*t1 + 672*t0**2 - 376*t0**2/t1 + 117*t0**2/t1**2 - 16*t0**2/t1**3 + 13*t0*t1**5 - 93*t0*t1**4 + 327*t0*t1**3 - 707*t0*t1**2 + 984*t0*t1 - 864*t0 + 455*t0/t1 - 132*t0/t1**2 + 17*t0/t1**3 - 17*t1**5 + 110*t1**4 - 345*t1**3 + 672*t1**2 - 864*t1 + 723 - 365/t1 + 99/t1**2 - 12/t1**3 + 12*t1**5/t0 - 73*t1**4/t0 + 210*t1**3/t0 - 376*t1**2/t0 + 455*t1/t0 - 365/t0 + 174/(t0*t1) - 41/(t0*t1**2) + 4/(t0*t1**3) - 5*t1**5/t0**2 + 28*t1**4/t0**2 - 72*t1**3/t0**2 + 117*t1**2/t0**2 - 132*t1/t0**2 + 99/t0**2 - 41/(t0**2*t1) + 6/(t0**2*t1**2) + t1**5/t0**3 - 5*t1**4/t0**3 + 11*t1**3/t0**3 - 16*t1**2/t0**3 + 17*t1/t0**3 - 12/t0**3 + 4/(t0**3*t1),"[[   0    0    4  -12   17  -16   11   -5    1]
 [   0    6  -41   99 -132  117  -72   28   -5]
 [   4  -41  174 -365  455 -376  210  -73   12]
 [ -12   99 -365  723 -864  672 -345  110  -17]
 [  17 -132  455 -864  984 -707  327  -93   13]
 [ -16  117 -376  672 -707  448 -173   39   -4]
 [  11  -72  210 -345  327 -173   48   -6    0]
 [  -5   28  -73  110  -93   39   -6    0    0]
 [   1   -5   12  -17   13   -4    0    0    0]]",0
"LinksGouldInvariant[2, 1, PrimeKnot[11, ""A"", 4]]",10*x**4 + 240*x**2 + (3 + x**(-2))*(y**12 + y**(-12)) + (y**2 + y**(-2))*(-67*x**3 - 442*x - 714/x - 432/x**3 - 97/x**5 - 4/x**7) + (y**4 + y**(-4))*(8*x**4 + 153*x**2 + 442 + 399/x**2 + 137/x**4 + 13/x**6) + (y**6 + y**(-6))*(-24*x**3 - 164*x - 237/x - 114/x**3 - 17/x**5) + (y**8 + y**(-8))*(28*x**2 + 87 + 61/x**2 + 12/x**4) + (y**10 + y**(-10))*(-15*x - 20/x - 5/x**3) + 731 + 720/x**2 + 282/x**4 + 34/x**6,-4*t0**4*t1**3 + 13*t0**4*t1**2 - 17*t0**4*t1 + 12*t0**4 - 5*t0**4/t1 + t0**4/t1**2 - 4*t0**3*t1**4 + 34*t0**3*t1**3 - 97*t0**3*t1**2 + 137*t0**3*t1 - 114*t0**3 + 61*t0**3/t1 - 20*t0**3/t1**2 + 3*t0**3/t1**3 + 13*t0**2*t1**4 - 97*t0**2*t1**3 + 282*t0**2*t1**2 - 432*t0**2*t1 + 399*t0**2 - 237*t0**2/t1 + 87*t0**2/t1**2 - 15*t0**2/t1**3 - 17*t0*t1**4 + 137*t0*t1**3 - 432*t0*t1**2 + 720*t0*t1 - 714*t0 + 442*t0/t1 - 164*t0/t1**2 + 28*t0/t1**3 + 12*t1**4 - 114*t1**3 + 399*t1**2 - 714*t1 + 731 - 442/t1 + 153/t1**2 - 24/t1**3 - 5*t1**4/t0 + 61*t1**3/t0 - 237*t1**2/t0 + 442*t1/t0 - 442/t0 + 240/(t0*t1) - 67/(t0*t1**2) + 8/(t0*t1**3) + t1**4/t0**2 - 20*t1**3/t0**2 + 87*t1**2/t0**2 - 164*t1/t0**2 + 153/t0**2 - 67/(t0**2*t1) + 10/(t0**2*t1**2) + 3*t1**3/t0**3 - 15*t1**2/t0**3 + 28*t1/t0**3 - 24/t0**3 + 8/(t0**3*t1),"[[   0    0    8  -24   28  -15    3    0]
 [   0   10  -67  153 -164   87  -20    1]
 [   8  -67  240 -442  442 -237   61   -5]
 [ -24  153 -442  731 -714  399 -114   12]
 [  28 -164  442 -714  720 -432  137  -17]
 [ -15   87 -237  399 -432  282  -97   13]
 [   3  -20   61 -114  137  -97   34   -4]
 [   0    1   -5   12  -17   13   -4    0]]",0
"LinksGouldInvariant[2, 1, PrimeKnot[11, ""A"", 5]]",108*x**4 + 840*x**2 + y**12 + (-9*x - 9/x)*(y**10 + y**(-10)) + (y**2 + y**(-2))*(-12*x**5 - 301*x**3 - 1126*x - 1278/x - 491/x**3 - 50/x**5) + (y**4 + y**(-4))*(40*x**4 + 381*x**2 + 776 + 489/x**2 + 84/x**4) + (y**6 + y**(-6))*(-51*x**3 - 242*x - 264/x - 73/x**3) + (y**8 + y**(-8))*(31*x**2 + 75 + 35/x**2) + 1659 + y**(-12) + 1120/x**2 + 250/x**4 + 12/x**6,12*t0**3*t1**3 - 50*t0**3*t1**2 + 84*t0**3*t1 - 73*t0**3 + 35*t0**3/t1 - 9*t0**3/t1**2 + t0**3/t1**3 - 50*t0**2*t1**3 + 250*t0**2*t1**2 - 491*t0**2*t1 + 489*t0**2 - 264*t0**2/t1 + 75*t0**2/t1**2 - 9*t0**2/t1**3 + 84*t0*t1**3 - 491*t0*t1**2 + 1120*t0*t1 - 1278*t0 + 776*t0/t1 - 242*t0/t1**2 + 31*t0/t1**3 - 73*t1**3 + 489*t1**2 - 1278*t1 + 1659 - 1126/t1 + 381/t1**2 - 51/t1**3 + 35*t1**3/t0 - 264*t1**2/t0 + 776*t1/t0 - 1126/t0 + 840/(t0*t1) - 301/(t0*t1**2) + 40/(t0*t1**3) - 9*t1**3/t0**2 + 75*t1**2/t0**2 - 242*t1/t0**2 + 381/t0**2 - 301/(t0**2*t1) + 108/(t0**2*t1**2) - 12/(t0**2*t1**3) + t1**3/t0**3 - 9*t1**2/t0**3 + 31*t1/t0**3 - 51/t0**3 + 40/(t0**3*t1) - 12/(t0**3*t1**2),"[[    0   -12    40   -51    31    -9     1]
 [  -12   108  -301   381  -242    75    -9]
 [   40  -301   840 -1126   776  -264    35]
 [  -51   381 -1126  1659 -1278   489   -73]
 [   31  -242   776 -1278  1120  -491    84]
 [   -9    75  -264   489  -491   250   -50]
 [    1    -9    35   -73    84   -50    12]]",0
"LinksGouldInvariant[2, 1, PrimeKnot[11, ""A"", 6]]",104*x**6 + 860*x**4 + 1700*x**2 + (x**4 + 3*x**2)*(y**12 + y**(-12)) + (y**2 + y**(-2))*(-12*x**7 - 334*x**5 - 1223*x**3 - 1368*x - 519/x - 52/x**3) + (y**4 + y**(-4))*(64*x**6 + 509*x**4 + 964*x**2 + 584 + 97/x**2) + (y**6 + y**(-6))*(-4*x**7 - 109*x**5 - 393*x**3 - 389*x - 101/x) + (y**8 + y**(-8))*(8*x**6 + 80*x**4 + 147*x**2 + 62) + (y**10 + y**(-10))*(-5*x**5 - 26*x**3 - 21*x) + 1145 + 254/x**2 + 12/x**4,12*t0**2*t1**2 - 52*t0**2*t1 + 97*t0**2 - 101*t0**2/t1 + 62*t0**2/t1**2 - 21*t0**2/t1**3 + 3*t0**2/t1**4 - 52*t0*t1**2 + 254*t0*t1 - 519*t0 + 584*t0/t1 - 389*t0/t1**2 + 147*t0/t1**3 - 26*t0/t1**4 + t0/t1**5 + 97*t1**2 - 519*t1 + 1145 - 1368/t1 + 964/t1**2 - 393/t1**3 + 80/t1**4 - 5/t1**5 - 101*t1**2/t0 + 584*t1/t0 - 1368/t0 + 1700/(t0*t1) - 1223/(t0*t1**2) + 509/(t0*t1**3) - 109/(t0*t1**4) + 8/(t0*t1**5) + 62*t1**2/t0**2 - 389*t1/t0**2 + 964/t0**2 - 1223/(t0**2*t1) + 860/(t0**2*t1**2) - 334/(t0**2*t1**3) + 64/(t0**2*t1**4) - 4/(t0**2*t1**5) - 21*t1**2/t0**3 + 147*t1/t0**3 - 393/t0**3 + 509/(t0**3*t1) - 334/(t0**3*t1**2) + 104/(t0**3*t1**3) - 12/(t0**3*t1**4) + 3*t1**2/t0**4 - 26*t1/t0**4 + 80/t0**4 - 109/(t0**4*t1) + 64/(t0**4*t1**2) - 12/(t0**4*t1**3) + t1/t0**5 - 5/t0**5 + 8/(t0**5*t1) - 4/(t0**5*t1**2),"[[    0     0     0    -4     8    -5     1     0]
 [    0     0   -12    64  -109    80   -26     3]
 [    0   -12   104  -334   509  -393   147   -21]
 [   -4    64  -334   860 -1223   964  -389    62]
 [    8  -109   509 -1223  1700 -1368   584  -101]
 [   -5    80  -393   964 -1368  1145  -519    97]
 [    1   -26   147  -389   584  -519   254   -52]
 [    0     3   -21    62  -101    97   -52    12]]",0
"LinksGouldInvariant[2, 1, PrimeKnot[11, ""A"", 7]]",6*x**4 + 128*x**2 + (-5/x - 5/x**3)*(y**14 + y**(-14)) + (y**2 + y**(-2))*(-35*x**3 - 245*x - 545/x - 443/x**3 - 112/x**5 - 4/x**7) + (y**4 + y**(-4))*(4*x**4 + 73*x**2 + 299 + 446/x**2 + 227/x**4 + 30/x**6) + (y**6 + y**(-6))*(-10*x**3 - 90*x - 265/x - 258/x**3 - 77/x**5 - 4/x**7) + (y**8 + y**(-8))*(12*x**2 + 86 + 169/x**2 + 96/x**4 + 13/x**6) + (y**10 + y**(-10))*(-12*x - 62/x - 67/x**3 - 17/x**5) + (y**12 + y**(-12))*(10 + 27/x**2 + 12/x**4) + 461 + (y**16 + y**(-16))/x**2 + 604/x**2 + 274/x**4 + 30/x**6,-4*t0**5*t1**2 + 13*t0**5*t1 - 17*t0**5 + 12*t0**5/t1 - 5*t0**5/t1**2 + t0**5/t1**3 - 4*t0**4*t1**3 + 30*t0**4*t1**2 - 77*t0**4*t1 + 96*t0**4 - 67*t0**4/t1 + 27*t0**4/t1**2 - 5*t0**4/t1**3 - 4*t0**3*t1**4 + 30*t0**3*t1**3 - 112*t0**3*t1**2 + 227*t0**3*t1 - 258*t0**3 + 169*t0**3/t1 - 62*t0**3/t1**2 + 10*t0**3/t1**3 - 4*t0**2*t1**5 + 30*t0**2*t1**4 - 112*t0**2*t1**3 + 274*t0**2*t1**2 - 443*t0**2*t1 + 446*t0**2 - 265*t0**2/t1 + 86*t0**2/t1**2 - 12*t0**2/t1**3 + 13*t0*t1**5 - 77*t0*t1**4 + 227*t0*t1**3 - 443*t0*t1**2 + 604*t0*t1 - 545*t0 + 299*t0/t1 - 90*t0/t1**2 + 12*t0/t1**3 - 17*t1**5 + 96*t1**4 - 258*t1**3 + 446*t1**2 - 545*t1 + 461 - 245/t1 + 73/t1**2 - 10/t1**3 + 12*t1**5/t0 - 67*t1**4/t0 + 169*t1**3/t0 - 265*t1**2/t0 + 299*t1/t0 - 245/t0 + 128/(t0*t1) - 35/(t0*t1**2) + 4/(t0*t1**3) - 5*t1**5/t0**2 + 27*t1**4/t0**2 - 62*t1**3/t0**2 + 86*t1**2/t0**2 - 90*t1/t0**2 + 73/t0**2 - 35/(t0**2*t1) + 6/(t0**2*t1**2) + t1**5/t0**3 - 5*t1**4/t0**3 + 10*t1**3/t0**3 - 12*t1**2/t0**3 + 12*t1/t0**3 - 10/t0**3 + 4/(t0**3*t1),"[[   0    0    4  -10   12  -12   10   -5    1]
 [   0    6  -35   73  -90   86  -62   27   -5]
 [   4  -35  128 -245  299 -265  169  -67   12]
 [ -10   73 -245  461 -545  446 -258   96  -17]
 [  12  -90  299 -545  604 -443  227  -77   13]
 [ -12   86 -265  446 -443  274 -112   30   -4]
 [  10  -62  169 -258  227 -112   30   -4    0]
 [  -5   27  -67   96  -77   30   -4    0    0]
 [   1   -5   12  -17   13   -4    0    0    0]]",0
"LinksGouldInvariant[2, 1, PrimeKnot[11, ""A"", 8]]",18*x**4 + 408*x**2 + (3 + x**(-2))*(y**12 + y**(-12)) + (y**2 + y**(-2))*(-113*x**3 - 713*x - 1090/x - 601/x**3 - 115/x**5 - 4/x**7) + (y**4 + y**(-4))*(12*x**4 + 237*x**2 + 658 + 562/x**2 + 169/x**4 + 13/x**6) + (y**6 + y**(-6))*(-34*x**3 - 229*x - 320/x - 142/x**3 - 17/x**5) + (y**8 + y**(-8))*(36*x**2 + 108 + 73/x**2 + 12/x**4) + (y**10 + y**(-10))*(-17*x - 22/x - 5/x**3) + 1169 + 1074/x**2 + 370/x**4 + 38/x**6,-4*t0**4*t1**3 + 13*t0**4*t1**2 - 17*t0**4*t1 + 12*t0**4 - 5*t0**4/t1 + t0**4/t1**2 - 4*t0**3*t1**4 + 38*t0**3*t1**3 - 115*t0**3*t1**2 + 169*t0**3*t1 - 142*t0**3 + 73*t0**3/t1 - 22*t0**3/t1**2 + 3*t0**3/t1**3 + 13*t0**2*t1**4 - 115*t0**2*t1**3 + 370*t0**2*t1**2 - 601*t0**2*t1 + 562*t0**2 - 320*t0**2/t1 + 108*t0**2/t1**2 - 17*t0**2/t1**3 - 17*t0*t1**4 + 169*t0*t1**3 - 601*t0*t1**2 + 1074*t0*t1 - 1090*t0 + 658*t0/t1 - 229*t0/t1**2 + 36*t0/t1**3 + 12*t1**4 - 142*t1**3 + 562*t1**2 - 1090*t1 + 1169 - 713/t1 + 237/t1**2 - 34/t1**3 - 5*t1**4/t0 + 73*t1**3/t0 - 320*t1**2/t0 + 658*t1/t0 - 713/t0 + 408/(t0*t1) - 113/(t0*t1**2) + 12/(t0*t1**3) + t1**4/t0**2 - 22*t1**3/t0**2 + 108*t1**2/t0**2 - 229*t1/t0**2 + 237/t0**2 - 113/(t0**2*t1) + 18/(t0**2*t1**2) + 3*t1**3/t0**3 - 17*t1**2/t0**3 + 36*t1/t0**3 - 34/t0**3 + 12/(t0**3*t1),"[[    0     0    12   -34    36   -17     3     0]
 [    0    18  -113   237  -229   108   -22     1]
 [   12  -113   408  -713   658  -320    73    -5]
 [  -34   237  -713  1169 -1090   562  -142    12]
 [   36  -229   658 -1090  1074  -601   169   -17]
 [  -17   108  -320   562  -601   370  -115    13]
 [    3   -22    73  -142   169  -115    38    -4]
 [    0     1    -5    12   -17    13    -4     0]]",0
"LinksGouldInvariant[2, 1, PrimeKnot[11, ""A"", 9]]",34*x**6 + x**4*(y**16 + y**(-16)) + 154*x**4 + 218*x**2 + (-5*x**5 - 5*x**3)*(y**14 + y**(-14)) + (y**2 + y**(-2))*(-6*x**7 - 90*x**5 - 197*x**3 - 183*x - 83/x - 13/x**3) + (y**4 + y**(-4))*(34*x**6 + 148*x**4 + 177*x**2 + 93 + 19/x**2) + (y**6 + y**(-6))*(-6*x**7 - 84*x**5 - 150*x**3 - 92*x - 20/x) + (y**8 + y**(-8))*(29*x**6 + 101*x**4 + 82*x**2 + 20) + (y**10 + y**(-10))*(-4*x**7 - 43*x**5 - 57*x**3 - 18*x) + (y**12 + y**(-12))*(8*x**6 + 25*x**4 + 12*x**2) + 155 + 50/x**2 + 4/x**4,4*t0**2*t1**2 - 13*t0**2*t1 + 19*t0**2 - 20*t0**2/t1 + 20*t0**2/t1**2 - 18*t0**2/t1**3 + 12*t0**2/t1**4 - 5*t0**2/t1**5 + t0**2/t1**6 - 13*t0*t1**2 + 50*t0*t1 - 83*t0 + 93*t0/t1 - 92*t0/t1**2 + 82*t0/t1**3 - 57*t0/t1**4 + 25*t0/t1**5 - 5*t0/t1**6 + 19*t1**2 - 83*t1 + 155 - 183/t1 + 177/t1**2 - 150/t1**3 + 101/t1**4 - 43/t1**5 + 8/t1**6 - 20*t1**2/t0 + 93*t1/t0 - 183/t0 + 218/(t0*t1) - 197/(t0*t1**2) + 148/(t0*t1**3) - 84/(t0*t1**4) + 29/(t0*t1**5) - 4/(t0*t1**6) + 20*t1**2/t0**2 - 92*t1/t0**2 + 177/t0**2 - 197/(t0**2*t1) + 154/(t0**2*t1**2) - 90/(t0**2*t1**3) + 34/(t0**2*t1**4) - 6/(t0**2*t1**5) - 18*t1**2/t0**3 + 82*t1/t0**3 - 150/t0**3 + 148/(t0**3*t1) - 90/(t0**3*t1**2) + 34/(t0**3*t1**3) - 6/(t0**3*t1**4) + 12*t1**2/t0**4 - 57*t1/t0**4 + 101/t0**4 - 84/(t0**4*t1) + 34/(t0**4*t1**2) - 6/(t0**4*t1**3) - 5*t1**2/t0**5 + 25*t1/t0**5 - 43/t0**5 + 29/(t0**5*t1) - 6/(t0**5*t1**2) + t1**2/t0**6 - 5*t1/t0**6 + 8/t0**6 - 4/(t0**6*t1),"[[   0    0    0    0    0   -4    8   -5    1]
 [   0    0    0    0   -6   29  -43   25   -5]
 [   0    0    0   -6   34  -84  101  -57   12]
 [   0    0   -6   34  -90  148 -150   82  -18]
 [   0   -6   34  -90  154 -197  177  -92   20]
 [  -4   29  -84  148 -197  218 -183   93  -20]
 [   8  -43  101 -150  177 -183  155  -83   19]
 [  -5   25  -57   82  -92   93  -83   50  -13]
 [   1   -5   12  -18   20  -20   19  -13    4]]",0
"LinksGouldInvariant[2, 1, PrimeKnot[11, ""A"", 10]]",12*x**4 + 206*x**2 + (3/x**2 + x**(-4))*(y**12 + y**(-12)) + (y**2 + y**(-2))*(-47*x**3 - 381*x - 861/x - 685/x**3 - 164/x**5 - 6/x**7) + (y**4 + y**(-4))*(79*x**2 + 401 + 600/x**2 + 290/x**4 + 37/x**6) + (y**6 + y**(-6))*(-76*x - 266/x - 257/x**3 - 71/x**5 - 4/x**7) + (y**8 + y**(-8))*(46 + 108/x**2 + 59/x**4 + 8/x**6) + (y**10 + y**(-10))*(-17/x - 22/x**3 - 5/x**5) + 767 + 994/x**2 + 436/x**4 + 46/x**6,-4*t0**5*t1**2 + 8*t0**5*t1 - 5*t0**5 + t0**5/t1 - 6*t0**4*t1**3 + 37*t0**4*t1**2 - 71*t0**4*t1 + 59*t0**4 - 22*t0**4/t1 + 3*t0**4/t1**2 - 6*t0**3*t1**4 + 46*t0**3*t1**3 - 164*t0**3*t1**2 + 290*t0**3*t1 - 257*t0**3 + 108*t0**3/t1 - 17*t0**3/t1**2 - 4*t0**2*t1**5 + 37*t0**2*t1**4 - 164*t0**2*t1**3 + 436*t0**2*t1**2 - 685*t0**2*t1 + 600*t0**2 - 266*t0**2/t1 + 46*t0**2/t1**2 + 8*t0*t1**5 - 71*t0*t1**4 + 290*t0*t1**3 - 685*t0*t1**2 + 994*t0*t1 - 861*t0 + 401*t0/t1 - 76*t0/t1**2 - 5*t1**5 + 59*t1**4 - 257*t1**3 + 600*t1**2 - 861*t1 + 767 - 381/t1 + 79/t1**2 + t1**5/t0 - 22*t1**4/t0 + 108*t1**3/t0 - 266*t1**2/t0 + 401*t1/t0 - 381/t0 + 206/(t0*t1) - 47/(t0*t1**2) + 3*t1**4/t0**2 - 17*t1**3/t0**2 + 46*t1**2/t0**2 - 76*t1/t0**2 + 79/t0**2 - 47/(t0**2*t1) + 12/(t0**2*t1**2),"[[  12  -47   79  -76   46  -17    3    0]
 [ -47  206 -381  401 -266  108  -22    1]
 [  79 -381  767 -861  600 -257   59   -5]
 [ -76  401 -861  994 -685  290  -71    8]
 [  46 -266  600 -685  436 -164   37   -4]
 [ -17  108 -257  290 -164   46   -6    0]
 [   3  -22   59  -71   37   -6    0    0]
 [   0    1   -5    8   -4    0    0    0]]",0
"LinksGouldInvariant[2, 1, PrimeKnot[11, ""A"", 11]]",8*x**6 + 210*x**4 + 844*x**2 + (x**2 + 3)*(y**12 + y**(-12)) + (y**2 + y**(-2))*(-50*x**5 - 418*x**3 - 969*x - 792/x - 199/x**3 - 8/x**5) + (y**4 + y**(-4))*(4*x**6 + 106*x**4 + 460*x**2 + 651 + 298/x**2 + 31/x**4) + (y**6 + y**(-6))*(-10*x**5 - 112*x**3 - 297*x - 244/x - 49/x**3) + (y**8 + y**(-8))*(10*x**4 + 67*x**2 + 108 + 40/x**2) + (y**10 + y**(-10))*(-5*x**3 - 22*x - 17/x) + 1155 + 544/x**2 + 66/x**4,-8*t0**3*t1**2 + 31*t0**3*t1 - 49*t0**3 + 40*t0**3/t1 - 17*t0**3/t1**2 + 3*t0**3/t1**3 - 8*t0**2*t1**3 + 66*t0**2*t1**2 - 199*t0**2*t1 + 298*t0**2 - 244*t0**2/t1 + 108*t0**2/t1**2 - 22*t0**2/t1**3 + t0**2/t1**4 + 31*t0*t1**3 - 199*t0*t1**2 + 544*t0*t1 - 792*t0 + 651*t0/t1 - 297*t0/t1**2 + 67*t0/t1**3 - 5*t0/t1**4 - 49*t1**3 + 298*t1**2 - 792*t1 + 1155 - 969/t1 + 460/t1**2 - 112/t1**3 + 10/t1**4 + 40*t1**3/t0 - 244*t1**2/t0 + 651*t1/t0 - 969/t0 + 844/(t0*t1) - 418/(t0*t1**2) + 106/(t0*t1**3) - 10/(t0*t1**4) - 17*t1**3/t0**2 + 108*t1**2/t0**2 - 297*t1/t0**2 + 460/t0**2 - 418/(t0**2*t1) + 210/(t0**2*t1**2) - 50/(t0**2*t1**3) + 4/(t0**2*t1**4) + 3*t1**3/t0**3 - 22*t1**2/t0**3 + 67*t1/t0**3 - 112/t0**3 + 106/(t0**3*t1) - 50/(t0**3*t1**2) + 8/(t0**3*t1**3) + t1**2/t0**4 - 5*t1/t0**4 + 10/t0**4 - 10/(t0**4*t1) + 4/(t0**4*t1**2),"[[   0    0    4  -10   10   -5    1    0]
 [   0    8  -50  106 -112   67  -22    3]
 [   4  -50  210 -418  460 -297  108  -17]
 [ -10  106 -418  844 -969  651 -244   40]
 [  10 -112  460 -969 1155 -792  298  -49]
 [  -5   67 -297  651 -792  544 -199   31]
 [   1  -22  108 -244  298 -199   66   -8]
 [   0    3  -17   40  -49   31   -8    0]]",0
"LinksGouldInvariant[2, 1, PrimeKnot[11, ""A"", 12]]",60*x**6 + 474*x**4 + 932*x**2 + (x**4 + 3*x**2)*(y**12 + y**(-12)) + (y**2 + y**(-2))*(-8*x**7 - 193*x**5 - 687*x**3 - 758*x - 287/x - 31/x**3) + (y**4 + y**(-4))*(44*x**6 + 310*x**4 + 568*x**2 + 333 + 55/x**2) + (y**6 + y**(-6))*(-4*x**7 - 78*x**5 - 258*x**3 - 244*x - 60/x) + (y**8 + y**(-8))*(8*x**6 + 61*x**4 + 106*x**2 + 42) + (y**10 + y**(-10))*(-5*x**5 - 22*x**3 - 17*x) + 625 + 144/x**2 + 8/x**4,8*t0**2*t1**2 - 31*t0**2*t1 + 55*t0**2 - 60*t0**2/t1 + 42*t0**2/t1**2 - 17*t0**2/t1**3 + 3*t0**2/t1**4 - 31*t0*t1**2 + 144*t0*t1 - 287*t0 + 333*t0/t1 - 244*t0/t1**2 + 106*t0/t1**3 - 22*t0/t1**4 + t0/t1**5 + 55*t1**2 - 287*t1 + 625 - 758/t1 + 568/t1**2 - 258/t1**3 + 61/t1**4 - 5/t1**5 - 60*t1**2/t0 + 333*t1/t0 - 758/t0 + 932/(t0*t1) - 687/(t0*t1**2) + 310/(t0*t1**3) - 78/(t0*t1**4) + 8/(t0*t1**5) + 42*t1**2/t0**2 - 244*t1/t0**2 + 568/t0**2 - 687/(t0**2*t1) + 474/(t0**2*t1**2) - 193/(t0**2*t1**3) + 44/(t0**2*t1**4) - 4/(t0**2*t1**5) - 17*t1**2/t0**3 + 106*t1/t0**3 - 258/t0**3 + 310/(t0**3*t1) - 193/(t0**3*t1**2) + 60/(t0**3*t1**3) - 8/(t0**3*t1**4) + 3*t1**2/t0**4 - 22*t1/t0**4 + 61/t0**4 - 78/(t0**4*t1) + 44/(t0**4*t1**2) - 8/(t0**4*t1**3) + t1/t0**5 - 5/t0**5 + 8/(t0**5*t1) - 4/(t0**5*t1**2),"[[   0    0    0   -4    8   -5    1    0]
 [   0    0   -8   44  -78   61  -22    3]
 [   0   -8   60 -193  310 -258  106  -17]
 [  -4   44 -193  474 -687  568 -244   42]
 [   8  -78  310 -687  932 -758  333  -60]
 [  -5   61 -258  568 -758  625 -287   55]
 [   1  -22  106 -244  333 -287  144  -31]
 [   0    3  -17   42  -60   55  -31    8]]",0
"LinksGouldInvariant[2, 1, PrimeKnot[11, ""A"", 13]]",28*x**6 + 152*x**4 + 352*x**2 + (y**2 + y**(-2))*(-4*x**7 - 57*x**5 - 193*x**3 - 324*x - 223/x - 39/x**3) + (y**4 + y**(-4))*(8*x**6 + 50*x**4 + 125*x**2 + 145 + 47/x**2) + (y**6 + y**(-6))*(-5*x**5 - 20*x**3 - 40*x - 25/x) + (y**8 + y**(-8))*(x**4 + 3*x**2 + 5) + 395 + 154/x**2 + 12/x**4,12*t0**2*t1**2 - 39*t0**2*t1 + 47*t0**2 - 25*t0**2/t1 + 5*t0**2/t1**2 - 39*t0*t1**2 + 154*t0*t1 - 223*t0 + 145*t0/t1 - 40*t0/t1**2 + 3*t0/t1**3 + 47*t1**2 - 223*t1 + 395 - 324/t1 + 125/t1**2 - 20/t1**3 + t1**(-4) - 25*t1**2/t0 + 145*t1/t0 - 324/t0 + 352/(t0*t1) - 193/(t0*t1**2) + 50/(t0*t1**3) - 5/(t0*t1**4) + 5*t1**2/t0**2 - 40*t1/t0**2 + 125/t0**2 - 193/(t0**2*t1) + 152/(t0**2*t1**2) - 57/(t0**2*t1**3) + 8/(t0**2*t1**4) + 3*t1/t0**3 - 20/t0**3 + 50/(t0**3*t1) - 57/(t0**3*t1**2) + 28/(t0**3*t1**3) - 4/(t0**3*t1**4) + t0**(-4) - 5/(t0**4*t1) + 8/(t0**4*t1**2) - 4/(t0**4*t1**3),"[[   0   -4    8   -5    1    0    0]
 [  -4   28  -57   50  -20    3    0]
 [   8  -57  152 -193  125  -40    5]
 [  -5   50 -193  352 -324  145  -25]
 [   1  -20  125 -324  395 -223   47]
 [   0    3  -40  145 -223  154  -39]
 [   0    0    5  -25   47  -39   12]]",0
"LinksGouldInvariant[2, 1, PrimeKnot[11, ""A"", 14]]",68*x**4 + 636*x**2 + y**16 + (-5*x - 5/x)*(y**14 + y**(-14)) + (y**2 + y**(-2))*(-8*x**5 - 239*x**3 - 977*x - 1188/x - 495/x**3 - 53/x**5) + (y**4 + y**(-4))*(48*x**4 + 426*x**2 + 902 + 628/x**2 + 136/x**4 + 4/x**6) + (y**6 + y**(-6))*(-4*x**5 - 106*x**3 - 432*x - 502/x - 187/x**3 - 15/x**5) + (y**8 + y**(-8))*(12*x**4 + 122*x**2 + 259 + 158/x**2 + 24/x**4) + (y**10 + y**(-10))*(-16*x**3 - 81*x - 87/x - 22/x**3) + (y**12 + y**(-12))*(12*x**2 + 30 + 13/x**2) + 1369 + y**(-16) + 986/x**2 + 228/x**4 + 8/x**6,4*t0**4*t1**2 - 15*t0**4*t1 + 24*t0**4 - 22*t0**4/t1 + 13*t0**4/t1**2 - 5*t0**4/t1**3 + t0**4/t1**4 + 8*t0**3*t1**3 - 53*t0**3*t1**2 + 136*t0**3*t1 - 187*t0**3 + 158*t0**3/t1 - 87*t0**3/t1**2 + 30*t0**3/t1**3 - 5*t0**3/t1**4 + 4*t0**2*t1**4 - 53*t0**2*t1**3 + 228*t0**2*t1**2 - 495*t0**2*t1 + 628*t0**2 - 502*t0**2/t1 + 259*t0**2/t1**2 - 81*t0**2/t1**3 + 12*t0**2/t1**4 - 15*t0*t1**4 + 136*t0*t1**3 - 495*t0*t1**2 + 986*t0*t1 - 1188*t0 + 902*t0/t1 - 432*t0/t1**2 + 122*t0/t1**3 - 16*t0/t1**4 + 24*t1**4 - 187*t1**3 + 628*t1**2 - 1188*t1 + 1369 - 977/t1 + 426/t1**2 - 106/t1**3 + 12/t1**4 - 22*t1**4/t0 + 158*t1**3/t0 - 502*t1**2/t0 + 902*t1/t0 - 977/t0 + 636/(t0*t1) - 239/(t0*t1**2) + 48/(t0*t1**3) - 4/(t0*t1**4) + 13*t1**4/t0**2 - 87*t1**3/t0**2 + 259*t1**2/t0**2 - 432*t1/t0**2 + 426/t0**2 - 239/(t0**2*t1) + 68/(t0**2*t1**2) - 8/(t0**2*t1**3) - 5*t1**4/t0**3 + 30*t1**3/t0**3 - 81*t1**2/t0**3 + 122*t1/t0**3 - 106/t0**3 + 48/(t0**3*t1) - 8/(t0**3*t1**2) + t1**4/t0**4 - 5*t1**3/t0**4 + 12*t1**2/t0**4 - 16*t1/t0**4 + 12/t0**4 - 4/(t0**4*t1),"[[    0     0     0    -4    12   -16    12    -5     1]
 [    0     0    -8    48  -106   122   -81    30    -5]
 [    0    -8    68  -239   426  -432   259   -87    13]
 [   -4    48  -239   636  -977   902  -502   158   -22]
 [   12  -106   426  -977  1369 -1188   628  -187    24]
 [  -16   122  -432   902 -1188   986  -495   136   -15]
 [   12   -81   259  -502   628  -495   228   -53     4]
 [   -5    30   -87   158  -187   136   -53     8     0]
 [    1    -5    13   -22    24   -15     4     0     0]]",0
"LinksGouldInvariant[2, 1, PrimeKnot[11, ""A"", 15]]",10*x**6 + 222*x**4 + x**2*(y**16 + y**(-16)) + 706*x**2 + (-5*x**3 - 5*x)*(y**14 + y**(-14)) + (y**2 + y**(-2))*(-64*x**5 - 443*x**3 - 740*x - 459/x - 102/x**3 - 4/x**5) + (y**4 + y**(-4))*(8*x**6 + 179*x**4 + 527*x**2 + 485 + 166/x**2 + 15/x**4) + (y**6 + y**(-6))*(-41*x**5 - 254*x**3 - 366*x - 179/x - 26/x**3) + (y**8 + y**(-8))*(4*x**6 + 74*x**4 + 193*x**2 + 139 + 29/x**2) + (y**10 + y**(-10))*(-10*x**5 - 64*x**3 - 77*x - 23/x) + (y**12 + y**(-12))*(10*x**4 + 28*x**2 + 13) + 723 + 288/x**2 + 34/x**4,-4*t0**3*t1**2 + 15*t0**3*t1 - 26*t0**3 + 29*t0**3/t1 - 23*t0**3/t1**2 + 13*t0**3/t1**3 - 5*t0**3/t1**4 + t0**3/t1**5 - 4*t0**2*t1**3 + 34*t0**2*t1**2 - 102*t0**2*t1 + 166*t0**2 - 179*t0**2/t1 + 139*t0**2/t1**2 - 77*t0**2/t1**3 + 28*t0**2/t1**4 - 5*t0**2/t1**5 + 15*t0*t1**3 - 102*t0*t1**2 + 288*t0*t1 - 459*t0 + 485*t0/t1 - 366*t0/t1**2 + 193*t0/t1**3 - 64*t0/t1**4 + 10*t0/t1**5 - 26*t1**3 + 166*t1**2 - 459*t1 + 723 - 740/t1 + 527/t1**2 - 254/t1**3 + 74/t1**4 - 10/t1**5 + 29*t1**3/t0 - 179*t1**2/t0 + 485*t1/t0 - 740/t0 + 706/(t0*t1) - 443/(t0*t1**2) + 179/(t0*t1**3) - 41/(t0*t1**4) + 4/(t0*t1**5) - 23*t1**3/t0**2 + 139*t1**2/t0**2 - 366*t1/t0**2 + 527/t0**2 - 443/(t0**2*t1) + 222/(t0**2*t1**2) - 64/(t0**2*t1**3) + 8/(t0**2*t1**4) + 13*t1**3/t0**3 - 77*t1**2/t0**3 + 193*t1/t0**3 - 254/t0**3 + 179/(t0**3*t1) - 64/(t0**3*t1**2) + 10/(t0**3*t1**3) - 5*t1**3/t0**4 + 28*t1**2/t0**4 - 64*t1/t0**4 + 74/t0**4 - 41/(t0**4*t1) + 8/(t0**4*t1**2) + t1**3/t0**5 - 5*t1**2/t0**5 + 10*t1/t0**5 - 10/t0**5 + 4/(t0**5*t1),"[[   0    0    0    0    4  -10   10   -5    1]
 [   0    0    0    8  -41   74  -64   28   -5]
 [   0    0   10  -64  179 -254  193  -77   13]
 [   0    8  -64  222 -443  527 -366  139  -23]
 [   4  -41  179 -443  706 -740  485 -179   29]
 [ -10   74 -254  527 -740  723 -459  166  -26]
 [  10  -64  193 -366  485 -459  288 -102   15]
 [  -5   28  -77  139 -179  166 -102   34   -4]
 [   1   -5   13  -23   29  -26   15   -4    0]]",0
"LinksGouldInvariant[2, 1, PrimeKnot[11, ""A"", 16]]",6*x**6 + 162*x**4 + 696*x**2 + (x**2 + 3)*(y**12 + y**(-12)) + (y**2 + y**(-2))*(-39*x**5 - 335*x**3 - 824*x - 709/x - 189/x**3 - 8/x**5) + (y**4 + y**(-4))*(4*x**6 + 87*x**4 + 383*x**2 + 562 + 267/x**2 + 29/x**4) + (y**6 + y**(-6))*(-10*x**5 - 96*x**3 - 253*x - 210/x - 43/x**3) + (y**8 + y**(-8))*(10*x**4 + 59*x**2 + 93 + 34/x**2) + (y**10 + y**(-10))*(-5*x**3 - 20*x - 15/x) + 1013 + 506/x**2 + 66/x**4,-8*t0**3*t1**2 + 29*t0**3*t1 - 43*t0**3 + 34*t0**3/t1 - 15*t0**3/t1**2 + 3*t0**3/t1**3 - 8*t0**2*t1**3 + 66*t0**2*t1**2 - 189*t0**2*t1 + 267*t0**2 - 210*t0**2/t1 + 93*t0**2/t1**2 - 20*t0**2/t1**3 + t0**2/t1**4 + 29*t0*t1**3 - 189*t0*t1**2 + 506*t0*t1 - 709*t0 + 562*t0/t1 - 253*t0/t1**2 + 59*t0/t1**3 - 5*t0/t1**4 - 43*t1**3 + 267*t1**2 - 709*t1 + 1013 - 824/t1 + 383/t1**2 - 96/t1**3 + 10/t1**4 + 34*t1**3/t0 - 210*t1**2/t0 + 562*t1/t0 - 824/t0 + 696/(t0*t1) - 335/(t0*t1**2) + 87/(t0*t1**3) - 10/(t0*t1**4) - 15*t1**3/t0**2 + 93*t1**2/t0**2 - 253*t1/t0**2 + 383/t0**2 - 335/(t0**2*t1) + 162/(t0**2*t1**2) - 39/(t0**2*t1**3) + 4/(t0**2*t1**4) + 3*t1**3/t0**3 - 20*t1**2/t0**3 + 59*t1/t0**3 - 96/t0**3 + 87/(t0**3*t1) - 39/(t0**3*t1**2) + 6/(t0**3*t1**3) + t1**2/t0**4 - 5*t1/t0**4 + 10/t0**4 - 10/(t0**4*t1) + 4/(t0**4*t1**2),"[[   0    0    4  -10   10   -5    1    0]
 [   0    6  -39   87  -96   59  -20    3]
 [   4  -39  162 -335  383 -253   93  -15]
 [ -10   87 -335  696 -824  562 -210   34]
 [  10  -96  383 -824 1013 -709  267  -43]
 [  -5   59 -253  562 -709  506 -189   29]
 [   1  -20   93 -210  267 -189   66   -8]
 [   0    3  -15   34  -43   29   -8    0]]",0
"LinksGouldInvariant[2, 1, PrimeKnot[11, ""A"", 17]]",14*x**4 + 270*x**2 + (-10/x - 10/x**3)*(y**10 + y**(-10)) + (y**2 + y**(-2))*(-57*x**3 - 512*x - 1228/x - 1018/x**3 - 255/x**5 - 10/x**7) + (y**4 + y**(-4))*(95*x**2 + 511 + 772/x**2 + 364/x**4 + 38/x**6) + (y**6 + y**(-6))*(-83*x - 287/x - 258/x**3 - 54/x**5) + (y**8 + y**(-8))*(40 + 85/x**2 + 35/x**4) + 1097 + (y**12 + y**(-12))/x**2 + 1508/x**2 + 710/x**4 + 84/x**6,-10*t0**4*t1**3 + 38*t0**4*t1**2 - 54*t0**4*t1 + 35*t0**4 - 10*t0**4/t1 + t0**4/t1**2 - 10*t0**3*t1**4 + 84*t0**3*t1**3 - 255*t0**3*t1**2 + 364*t0**3*t1 - 258*t0**3 + 85*t0**3/t1 - 10*t0**3/t1**2 + 38*t0**2*t1**4 - 255*t0**2*t1**3 + 710*t0**2*t1**2 - 1018*t0**2*t1 + 772*t0**2 - 287*t0**2/t1 + 40*t0**2/t1**2 - 54*t0*t1**4 + 364*t0*t1**3 - 1018*t0*t1**2 + 1508*t0*t1 - 1228*t0 + 511*t0/t1 - 83*t0/t1**2 + 35*t1**4 - 258*t1**3 + 772*t1**2 - 1228*t1 + 1097 - 512/t1 + 95/t1**2 - 10*t1**4/t0 + 85*t1**3/t0 - 287*t1**2/t0 + 511*t1/t0 - 512/t0 + 270/(t0*t1) - 57/(t0*t1**2) + t1**4/t0**2 - 10*t1**3/t0**2 + 40*t1**2/t0**2 - 83*t1/t0**2 + 95/t0**2 - 57/(t0**2*t1) + 14/(t0**2*t1**2),"[[   14   -57    95   -83    40   -10     1]
 [  -57   270  -512   511  -287    85   -10]
 [   95  -512  1097 -1228   772  -258    35]
 [  -83   511 -1228  1508 -1018   364   -54]
 [   40  -287   772 -1018   710  -255    38]
 [  -10    85  -258   364  -255    84   -10]
 [    1   -10    35   -54    38   -10     0]]",0
"LinksGouldInvariant[2, 1, PrimeKnot[11, ""A"", 18]]",8*x**8 + 226*x**6 + 994*x**4 + 1412*x**2 + (3*x**4 + 6*x**2)*(y**12 + y**(-12)) + (y**2 + y**(-2))*(-52*x**7 - 488*x**5 - 1185*x**3 - 991*x - 252/x - 10/x**3) + (y**4 + y**(-4))*(4*x**8 + 129*x**6 + 587*x**4 + 835*x**2 + 383 + 39/x**2) + (y**6 + y**(-6))*(-14*x**7 - 159*x**5 - 409*x**3 - 329*x - 65/x) + (y**8 + y**(-8))*(18*x**6 + 107*x**4 + 160*x**2 + 58) + (y**10 + y**(-10))*(-11*x**5 - 39*x**3 - 28*x) + 683 + 84/x**2,-10*t0**2*t1 + 39*t0**2 - 65*t0**2/t1 + 58*t0**2/t1**2 - 28*t0**2/t1**3 + 6*t0**2/t1**4 - 10*t0*t1**2 + 84*t0*t1 - 252*t0 + 383*t0/t1 - 329*t0/t1**2 + 160*t0/t1**3 - 39*t0/t1**4 + 3*t0/t1**5 + 39*t1**2 - 252*t1 + 683 - 991/t1 + 835/t1**2 - 409/t1**3 + 107/t1**4 - 11/t1**5 - 65*t1**2/t0 + 383*t1/t0 - 991/t0 + 1412/(t0*t1) - 1185/(t0*t1**2) + 587/(t0*t1**3) - 159/(t0*t1**4) + 18/(t0*t1**5) + 58*t1**2/t0**2 - 329*t1/t0**2 + 835/t0**2 - 1185/(t0**2*t1) + 994/(t0**2*t1**2) - 488/(t0**2*t1**3) + 129/(t0**2*t1**4) - 14/(t0**2*t1**5) - 28*t1**2/t0**3 + 160*t1/t0**3 - 409/t0**3 + 587/(t0**3*t1) - 488/(t0**3*t1**2) + 226/(t0**3*t1**3) - 52/(t0**3*t1**4) + 4/(t0**3*t1**5) + 6*t1**2/t0**4 - 39*t1/t0**4 + 107/t0**4 - 159/(t0**4*t1) + 129/(t0**4*t1**2) - 52/(t0**4*t1**3) + 8/(t0**4*t1**4) + 3*t1/t0**5 - 11/t0**5 + 18/(t0**5*t1) - 14/(t0**5*t1**2) + 4/(t0**5*t1**3),"[[    0     0     4   -14    18   -11     3     0]
 [    0     8   -52   129  -159   107   -39     6]
 [    4   -52   226  -488   587  -409   160   -28]
 [  -14   129  -488   994 -1185   835  -329    58]
 [   18  -159   587 -1185  1412  -991   383   -65]
 [  -11   107  -409   835  -991   683  -252    39]
 [    3   -39   160  -329   383  -252    84   -10]
 [    0     6   -28    58   -65    39   -10     0]]",0
"LinksGouldInvariant[2, 1, PrimeKnot[11, ""A"", 19]]",10*x**4 + 312*x**2 + (-6/x - 6/x**3)*(y**14 + y**(-14)) + (y**2 + y**(-2))*(-71*x**3 - 671*x - 1599/x - 1313/x**3 - 325/x**5 - 11/x**7) + (y**4 + y**(-4))*(6*x**4 + 180*x**2 + 849 + 1233/x**2 + 591/x**4 + 66/x**6) + (y**6 + y**(-6))*(-20*x**3 - 248*x - 689/x - 608/x**3 - 152/x**5 - 5/x**7) + (y**8 + y**(-8))*(31*x**2 + 214 + 360/x**2 + 176/x**4 + 17/x**6) + (y**10 + y**(-10))*(-29*x - 118/x - 112/x**3 - 23/x**5) + (y**12 + y**(-12))*(17 + 39/x**2 + 16/x**4) + 1333 + (y**16 + y**(-16))/x**2 + 1824/x**2 + 848/x**4 + 94/x**6,-5*t0**5*t1**2 + 17*t0**5*t1 - 23*t0**5 + 16*t0**5/t1 - 6*t0**5/t1**2 + t0**5/t1**3 - 11*t0**4*t1**3 + 66*t0**4*t1**2 - 152*t0**4*t1 + 176*t0**4 - 112*t0**4/t1 + 39*t0**4/t1**2 - 6*t0**4/t1**3 - 11*t0**3*t1**4 + 94*t0**3*t1**3 - 325*t0**3*t1**2 + 591*t0**3*t1 - 608*t0**3 + 360*t0**3/t1 - 118*t0**3/t1**2 + 17*t0**3/t1**3 - 5*t0**2*t1**5 + 66*t0**2*t1**4 - 325*t0**2*t1**3 + 848*t0**2*t1**2 - 1313*t0**2*t1 + 1233*t0**2 - 689*t0**2/t1 + 214*t0**2/t1**2 - 29*t0**2/t1**3 + 17*t0*t1**5 - 152*t0*t1**4 + 591*t0*t1**3 - 1313*t0*t1**2 + 1824*t0*t1 - 1599*t0 + 849*t0/t1 - 248*t0/t1**2 + 31*t0/t1**3 - 23*t1**5 + 176*t1**4 - 608*t1**3 + 1233*t1**2 - 1599*t1 + 1333 - 671/t1 + 180/t1**2 - 20/t1**3 + 16*t1**5/t0 - 112*t1**4/t0 + 360*t1**3/t0 - 689*t1**2/t0 + 849*t1/t0 - 671/t0 + 312/(t0*t1) - 71/(t0*t1**2) + 6/(t0*t1**3) - 6*t1**5/t0**2 + 39*t1**4/t0**2 - 118*t1**3/t0**2 + 214*t1**2/t0**2 - 248*t1/t0**2 + 180/t0**2 - 71/(t0**2*t1) + 10/(t0**2*t1**2) + t1**5/t0**3 - 6*t1**4/t0**3 + 17*t1**3/t0**3 - 29*t1**2/t0**3 + 31*t1/t0**3 - 20/t0**3 + 6/(t0**3*t1),"[[    0     0     6   -20    31   -29    17    -6     1]
 [    0    10   -71   180  -248   214  -118    39    -6]
 [    6   -71   312  -671   849  -689   360  -112    16]
 [  -20   180  -671  1333 -1599  1233  -608   176   -23]
 [   31  -248   849 -1599  1824 -1313   591  -152    17]
 [  -29   214  -689  1233 -1313   848  -325    66    -5]
 [   17  -118   360  -608   591  -325    94   -11     0]
 [   -6    39  -112   176  -152    66   -11     0     0]
 [    1    -6    16   -23    17    -5     0     0     0]]",0
"LinksGouldInvariant[2, 1, PrimeKnot[11, ""A"", 20]]",10*x**2 + (6/x**4 + 3/x**6)*(y**12 + y**(-12)) + (y**2 + y**(-2))*(-39*x - 350/x - 890/x**3 - 781/x**5 - 210/x**7 - 8/x**9) + (y**4 + y**(-4))*(72 + 418/x**2 + 685/x**4 + 360/x**6 + 46/x**8) + (y**6 + y**(-6))*(-82/x - 321/x**3 - 332/x**5 - 97/x**7 - 4/x**9) + (y**8 + y**(-8))*(61/x**2 + 154/x**4 + 92/x**6 + 12/x**8) + (y**10 + y**(-10))*(-28/x**3 - 39/x**5 - 11/x**7) + 175 + 734/x**2 + 1060/x**4 + 524/x**6 + 64/x**8,-4*t0**6*t1**3 + 12*t0**6*t1**2 - 11*t0**6*t1 + 3*t0**6 - 8*t0**5*t1**4 + 46*t0**5*t1**3 - 97*t0**5*t1**2 + 92*t0**5*t1 - 39*t0**5 + 6*t0**5/t1 - 8*t0**4*t1**5 + 64*t0**4*t1**4 - 210*t0**4*t1**3 + 360*t0**4*t1**2 - 332*t0**4*t1 + 154*t0**4 - 28*t0**4/t1 - 4*t0**3*t1**6 + 46*t0**3*t1**5 - 210*t0**3*t1**4 + 524*t0**3*t1**3 - 781*t0**3*t1**2 + 685*t0**3*t1 - 321*t0**3 + 61*t0**3/t1 + 12*t0**2*t1**6 - 97*t0**2*t1**5 + 360*t0**2*t1**4 - 781*t0**2*t1**3 + 1060*t0**2*t1**2 - 890*t0**2*t1 + 418*t0**2 - 82*t0**2/t1 - 11*t0*t1**6 + 92*t0*t1**5 - 332*t0*t1**4 + 685*t0*t1**3 - 890*t0*t1**2 + 734*t0*t1 - 350*t0 + 72*t0/t1 + 3*t1**6 - 39*t1**5 + 154*t1**4 - 321*t1**3 + 418*t1**2 - 350*t1 + 175 - 39/t1 + 6*t1**5/t0 - 28*t1**4/t0 + 61*t1**3/t0 - 82*t1**2/t0 + 72*t1/t0 - 39/t0 + 10/(t0*t1),"[[  10  -39   72  -82   61  -28    6    0]
 [ -39  175 -350  418 -321  154  -39    3]
 [  72 -350  734 -890  685 -332   92  -11]
 [ -82  418 -890 1060 -781  360  -97   12]
 [  61 -321  685 -781  524 -210   46   -4]
 [ -28  154 -332  360 -210   64   -8    0]
 [   6  -39   92  -97   46   -8    0    0]
 [   0    3  -11   12   -4    0    0    0]]",0
"LinksGouldInvariant[2, 1, PrimeKnot[11, ""A"", 21]]",16*x**2 + (y**2 + y**(-2))*(-54*x - 318/x - 481/x**3 - 286/x**5 - 73/x**7 - 4/x**9) + (y**4 + y**(-4))*(73 + 238/x**2 + 221/x**4 + 87/x**6 + 12/x**8) + (y**6 + y**(-6))*(-47/x - 84/x**3 - 48/x**5 - 11/x**7) + (y**8 + y**(-8))*(12/x**2 + 10/x**4 + 3/x**6) + 209 + 550/x**2 + 500/x**4 + 198/x**6 + 28/x**8,-4*t0**5*t1**4 + 12*t0**5*t1**3 - 11*t0**5*t1**2 + 3*t0**5*t1 - 4*t0**4*t1**5 + 28*t0**4*t1**4 - 73*t0**4*t1**3 + 87*t0**4*t1**2 - 48*t0**4*t1 + 10*t0**4 + 12*t0**3*t1**5 - 73*t0**3*t1**4 + 198*t0**3*t1**3 - 286*t0**3*t1**2 + 221*t0**3*t1 - 84*t0**3 + 12*t0**3/t1 - 11*t0**2*t1**5 + 87*t0**2*t1**4 - 286*t0**2*t1**3 + 500*t0**2*t1**2 - 481*t0**2*t1 + 238*t0**2 - 47*t0**2/t1 + 3*t0*t1**5 - 48*t0*t1**4 + 221*t0*t1**3 - 481*t0*t1**2 + 550*t0*t1 - 318*t0 + 73*t0/t1 + 10*t1**4 - 84*t1**3 + 238*t1**2 - 318*t1 + 209 - 54/t1 + 12*t1**3/t0 - 47*t1**2/t0 + 73*t1/t0 - 54/t0 + 16/(t0*t1),"[[  16  -54   73  -47   12    0    0]
 [ -54  209 -318  238  -84   10    0]
 [  73 -318  550 -481  221  -48    3]
 [ -47  238 -481  500 -286   87  -11]
 [  12  -84  221 -286  198  -73   12]
 [   0   10  -48   87  -73   28   -4]
 [   0    0    3  -11   12   -4    0]]",0
"LinksGouldInvariant[2, 1, PrimeKnot[11, ""A"", 22]]",34*x**2 + (-5/x**3 - 5/x**5)*(y**14 + y**(-14)) + (y**2 + y**(-2))*(-4*x**3 - 97*x - 410/x - 639/x**3 - 376/x**5 - 54/x**7) + (y**4 + y**(-4))*(14*x**2 + 155 + 436/x**2 + 460/x**4 + 152/x**6 + 7/x**8) + (y**6 + y**(-6))*(-24*x - 168/x - 336/x**3 - 227/x**5 - 35/x**7) + (y**8 + y**(-8))*(27 + 133/x**2 + 184/x**4 + 68/x**6 + 3/x**8) + (y**10 + y**(-10))*(-22/x - 76/x**3 - 63/x**5 - 9/x**7) + (y**12 + y**(-12))*(13/x**2 + 28/x**4 + 10/x**6) + 263 + 626/x**2 + (y**16 + y**(-16))/x**4 + 600/x**4 + 188/x**6 + 8/x**8,3*t0**6*t1**2 - 9*t0**6*t1 + 10*t0**6 - 5*t0**6/t1 + t0**6/t1**2 + 7*t0**5*t1**3 - 35*t0**5*t1**2 + 68*t0**5*t1 - 63*t0**5 + 28*t0**5/t1 - 5*t0**5/t1**2 + 8*t0**4*t1**4 - 54*t0**4*t1**3 + 152*t0**4*t1**2 - 227*t0**4*t1 + 184*t0**4 - 76*t0**4/t1 + 13*t0**4/t1**2 + 7*t0**3*t1**5 - 54*t0**3*t1**4 + 188*t0**3*t1**3 - 376*t0**3*t1**2 + 460*t0**3*t1 - 336*t0**3 + 133*t0**3/t1 - 22*t0**3/t1**2 + 3*t0**2*t1**6 - 35*t0**2*t1**5 + 152*t0**2*t1**4 - 376*t0**2*t1**3 + 600*t0**2*t1**2 - 639*t0**2*t1 + 436*t0**2 - 168*t0**2/t1 + 27*t0**2/t1**2 - 9*t0*t1**6 + 68*t0*t1**5 - 227*t0*t1**4 + 460*t0*t1**3 - 639*t0*t1**2 + 626*t0*t1 - 410*t0 + 155*t0/t1 - 24*t0/t1**2 + 10*t1**6 - 63*t1**5 + 184*t1**4 - 336*t1**3 + 436*t1**2 - 410*t1 + 263 - 97/t1 + 14/t1**2 - 5*t1**6/t0 + 28*t1**5/t0 - 76*t1**4/t0 + 133*t1**3/t0 - 168*t1**2/t0 + 155*t1/t0 - 97/t0 + 34/(t0*t1) - 4/(t0*t1**2) + t1**6/t0**2 - 5*t1**5/t0**2 + 13*t1**4/t0**2 - 22*t1**3/t0**2 + 27*t1**2/t0**2 - 24*t1/t0**2 + 14/t0**2 - 4/(t0**2*t1),"[[   0   -4   14  -24   27  -22   13   -5    1]
 [  -4   34  -97  155 -168  133  -76   28   -5]
 [  14  -97  263 -410  436 -336  184  -63   10]
 [ -24  155 -410  626 -639  460 -227   68   -9]
 [  27 -168  436 -639  600 -376  152  -35    3]
 [ -22  133 -336  460 -376  188  -54    7    0]
 [  13  -76  184 -227  152  -54    8    0    0]
 [  -5   28  -63   68  -35    7    0    0    0]
 [   1   -5   10   -9    3    0    0    0    0]]",0
"LinksGouldInvariant[2, 1, PrimeKnot[11, ""A"", 23]]",66*x**2 + (3/x**2 + x**(-4))*(y**12 + y**(-12)) + (y**2 + y**(-2))*(-8*x**3 - 185*x - 685/x - 784/x**3 - 311/x**5 - 35/x**7) + (y**4 + y**(-4))*(28*x**2 + 261 + 549/x**2 + 370/x**4 + 81/x**6 + 3/x**8) + (y**6 + y**(-6))*(-42*x - 208/x - 251/x**3 - 94/x**5 - 9/x**7) + (y**8 + y**(-8))*(34 + 93/x**2 + 59/x**4 + 10/x**6) + (y**10 + y**(-10))*(-15/x - 20/x**3 - 5/x**5) + 491 + 964/x**2 + 648/x**4 + 146/x**6 + 6/x**8,3*t0**5*t1**3 - 9*t0**5*t1**2 + 10*t0**5*t1 - 5*t0**5 + t0**5/t1 + 6*t0**4*t1**4 - 35*t0**4*t1**3 + 81*t0**4*t1**2 - 94*t0**4*t1 + 59*t0**4 - 20*t0**4/t1 + 3*t0**4/t1**2 + 3*t0**3*t1**5 - 35*t0**3*t1**4 + 146*t0**3*t1**3 - 311*t0**3*t1**2 + 370*t0**3*t1 - 251*t0**3 + 93*t0**3/t1 - 15*t0**3/t1**2 - 9*t0**2*t1**5 + 81*t0**2*t1**4 - 311*t0**2*t1**3 + 648*t0**2*t1**2 - 784*t0**2*t1 + 549*t0**2 - 208*t0**2/t1 + 34*t0**2/t1**2 + 10*t0*t1**5 - 94*t0*t1**4 + 370*t0*t1**3 - 784*t0*t1**2 + 964*t0*t1 - 685*t0 + 261*t0/t1 - 42*t0/t1**2 - 5*t1**5 + 59*t1**4 - 251*t1**3 + 549*t1**2 - 685*t1 + 491 - 185/t1 + 28/t1**2 + t1**5/t0 - 20*t1**4/t0 + 93*t1**3/t0 - 208*t1**2/t0 + 261*t1/t0 - 185/t0 + 66/(t0*t1) - 8/(t0*t1**2) + 3*t1**4/t0**2 - 15*t1**3/t0**2 + 34*t1**2/t0**2 - 42*t1/t0**2 + 28/t0**2 - 8/(t0**2*t1),"[[   0   -8   28  -42   34  -15    3    0]
 [  -8   66 -185  261 -208   93  -20    1]
 [  28 -185  491 -685  549 -251   59   -5]
 [ -42  261 -685  964 -784  370  -94   10]
 [  34 -208  549 -784  648 -311   81   -9]
 [ -15   93 -251  370 -311  146  -35    3]
 [   3  -20   59  -94   81  -35    6    0]
 [   0    1   -5   10   -9    3    0    0]]",0
