key,original,newExpr,A,test
"LinksGouldInvariant[2, 1, PrimeKnot[12, ""A"", 1]]",144*x**4 + 1448*x**2 + y**16 + (-7*x - 7/x)*(y**14 + y**(-14)) + (y**2 + y**(-2))*(-16*x**5 - 525*x**3 - 2300*x - 3134/x - 1616/x**3 - 281/x**5 - 8/x**7) + (y**4 + y**(-4))*(102*x**4 + 954*x**2 + 2174 + 1747/x**2 + 507/x**4 + 36/x**6) + (y**6 + y**(-6))*(-8*x**5 - 227*x**3 - 962*x - 1221/x - 547/x**3 - 69/x**5) + (y**8 + y**(-8))*(24*x**4 + 252*x**2 + 558 + 382/x**2 + 75/x**4) + (y**10 + y**(-10))*(-30*x**3 - 155*x - 177/x - 52/x**3) + (y**12 + y**(-12))*(20*x**2 + 51 + 24/x**2) + 3409 + y**(-16) + 2878/x**2 + 912/x**4 + 80/x**6,-8*t0**4*t1**3 + 36*t0**4*t1**2 - 69*t0**4*t1 + 75*t0**4 - 52*t0**4/t1 + 24*t0**4/t1**2 - 7*t0**4/t1**3 + t0**4/t1**4 - 8*t0**3*t1**4 + 80*t0**3*t1**3 - 281*t0**3*t1**2 + 507*t0**3*t1 - 547*t0**3 + 382*t0**3/t1 - 177*t0**3/t1**2 + 51*t0**3/t1**3 - 7*t0**3/t1**4 + 36*t0**2*t1**4 - 281*t0**2*t1**3 + 912*t0**2*t1**2 - 1616*t0**2*t1 + 1747*t0**2 - 1221*t0**2/t1 + 558*t0**2/t1**2 - 155*t0**2/t1**3 + 20*t0**2/t1**4 - 69*t0*t1**4 + 507*t0*t1**3 - 1616*t0*t1**2 + 2878*t0*t1 - 3134*t0 + 2174*t0/t1 - 962*t0/t1**2 + 252*t0/t1**3 - 30*t0/t1**4 + 75*t1**4 - 547*t1**3 + 1747*t1**2 - 3134*t1 + 3409 - 2300/t1 + 954/t1**2 - 227/t1**3 + 24/t1**4 - 52*t1**4/t0 + 382*t1**3/t0 - 1221*t1**2/t0 + 2174*t1/t0 - 2300/t0 + 1448/(t0*t1) - 525/(t0*t1**2) + 102/(t0*t1**3) - 8/(t0*t1**4) + 24*t1**4/t0**2 - 177*t1**3/t0**2 + 558*t1**2/t0**2 - 962*t1/t0**2 + 954/t0**2 - 525/(t0**2*t1) + 144/(t0**2*t1**2) - 16/(t0**2*t1**3) - 7*t1**4/t0**3 + 51*t1**3/t0**3 - 155*t1**2/t0**3 + 252*t1/t0**3 - 227/t0**3 + 102/(t0**3*t1) - 16/(t0**3*t1**2) + t1**4/t0**4 - 7*t1**3/t0**4 + 20*t1**2/t0**4 - 30*t1/t0**4 + 24/t0**4 - 8/(t0**4*t1),"[[    0     0     0    -8    24   -30    20    -7     1]
 [    0     0   -16   102  -227   252  -155    51    -7]
 [    0   -16   144  -525   954  -962   558  -177    24]
 [   -8   102  -525  1448 -2300  2174 -1221   382   -52]
 [   24  -227   954 -2300  3409 -3134  1747  -547    75]
 [  -30   252  -962  2174 -3134  2878 -1616   507   -69]
 [   20  -155   558 -1221  1747 -1616   912  -281    36]
 [   -7    51  -177   382  -547   507  -281    80    -8]
 [    1    -7    24   -52    75   -69    36    -8     0]]",0
"LinksGouldInvariant[2, 1, PrimeKnot[12, ""A"", 2]]",20*x**6 + 486*x**4 + x**2*(y**16 + y**(-16)) + 1660*x**2 + (-7*x**3 - 7*x)*(y**14 + y**(-14)) + (y**2 + y**(-2))*(-136*x**5 - 1001*x**3 - 1847*x - 1349/x - 403/x**3 - 36/x**5) + (y**4 + y**(-4))*(16*x**6 + 395*x**4 + 1244*x**2 + 1296 + 540/x**2 + 73/x**4) + (y**6 + y**(-6))*(-88*x**5 - 574*x**3 - 899*x - 505/x - 92/x**3) + (y**8 + y**(-8))*(8*x**6 + 160*x**4 + 434*x**2 + 343 + 82/x**2) + (y**10 + y**(-10))*(-20*x**5 - 130*x**3 - 163*x - 53/x) + (y**12 + y**(-12))*(18*x**4 + 49*x**2 + 24) + 1939 + 960/x**2 + 182/x**4 + 8/x**6,8*t0**3*t1**3 - 36*t0**3*t1**2 + 73*t0**3*t1 - 92*t0**3 + 82*t0**3/t1 - 53*t0**3/t1**2 + 24*t0**3/t1**3 - 7*t0**3/t1**4 + t0**3/t1**5 - 36*t0**2*t1**3 + 182*t0**2*t1**2 - 403*t0**2*t1 + 540*t0**2 - 505*t0**2/t1 + 343*t0**2/t1**2 - 163*t0**2/t1**3 + 49*t0**2/t1**4 - 7*t0**2/t1**5 + 73*t0*t1**3 - 403*t0*t1**2 + 960*t0*t1 - 1349*t0 + 1296*t0/t1 - 899*t0/t1**2 + 434*t0/t1**3 - 130*t0/t1**4 + 18*t0/t1**5 - 92*t1**3 + 540*t1**2 - 1349*t1 + 1939 - 1847/t1 + 1244/t1**2 - 574/t1**3 + 160/t1**4 - 20/t1**5 + 82*t1**3/t0 - 505*t1**2/t0 + 1296*t1/t0 - 1847/t0 + 1660/(t0*t1) - 1001/(t0*t1**2) + 395/(t0*t1**3) - 88/(t0*t1**4) + 8/(t0*t1**5) - 53*t1**3/t0**2 + 343*t1**2/t0**2 - 899*t1/t0**2 + 1244/t0**2 - 1001/(t0**2*t1) + 486/(t0**2*t1**2) - 136/(t0**2*t1**3) + 16/(t0**2*t1**4) + 24*t1**3/t0**3 - 163*t1**2/t0**3 + 434*t1/t0**3 - 574/t0**3 + 395/(t0**3*t1) - 136/(t0**3*t1**2) + 20/(t0**3*t1**3) - 7*t1**3/t0**4 + 49*t1**2/t0**4 - 130*t1/t0**4 + 160/t0**4 - 88/(t0**4*t1) + 16/(t0**4*t1**2) + t1**3/t0**5 - 7*t1**2/t0**5 + 18*t1/t0**5 - 20/t0**5 + 8/(t0**5*t1),"[[    0     0     0     0     8   -20    18    -7     1]
 [    0     0     0    16   -88   160  -130    49    -7]
 [    0     0    20  -136   395  -574   434  -163    24]
 [    0    16  -136   486 -1001  1244  -899   343   -53]
 [    8   -88   395 -1001  1660 -1847  1296  -505    82]
 [  -20   160  -574  1244 -1847  1939 -1349   540   -92]
 [   18  -130   434  -899  1296 -1349   960  -403    73]
 [   -7    49  -163   343  -505   540  -403   182   -36]
 [    1    -7    24   -53    82   -92    73   -36     8]]",0
"LinksGouldInvariant[2, 1, PrimeKnot[12, ""A"", 3]]",12*x**6 + 366*x**4 + 1700*x**2 + (x**2 + 3)*(y**12 + y**(-12)) + (y**2 + y**(-2))*(-84*x**5 - 775*x**3 - 2064*x - 2023/x - 720/x**3 - 70/x**5) + (y**4 + y**(-4))*(8*x**6 + 187*x**4 + 872*x**2 + 1385 + 778/x**2 + 126/x**4) + (y**6 + y**(-6))*(-20*x**5 - 194*x**3 - 533*x - 480/x - 121/x**3) + (y**8 + y**(-8))*(18*x**4 + 104*x**2 + 167 + 67/x**2) + (y**10 + y**(-10))*(-7*x**3 - 28*x - 21/x) + 2735 + 1668/x**2 + 352/x**4 + 16/x**6,16*t0**3*t1**3 - 70*t0**3*t1**2 + 126*t0**3*t1 - 121*t0**3 + 67*t0**3/t1 - 21*t0**3/t1**2 + 3*t0**3/t1**3 - 70*t0**2*t1**3 + 352*t0**2*t1**2 - 720*t0**2*t1 + 778*t0**2 - 480*t0**2/t1 + 167*t0**2/t1**2 - 28*t0**2/t1**3 + t0**2/t1**4 + 126*t0*t1**3 - 720*t0*t1**2 + 1668*t0*t1 - 2023*t0 + 1385*t0/t1 - 533*t0/t1**2 + 104*t0/t1**3 - 7*t0/t1**4 - 121*t1**3 + 778*t1**2 - 2023*t1 + 2735 - 2064/t1 + 872/t1**2 - 194/t1**3 + 18/t1**4 + 67*t1**3/t0 - 480*t1**2/t0 + 1385*t1/t0 - 2064/t0 + 1700/(t0*t1) - 775/(t0*t1**2) + 187/(t0*t1**3) - 20/(t0*t1**4) - 21*t1**3/t0**2 + 167*t1**2/t0**2 - 533*t1/t0**2 + 872/t0**2 - 775/(t0**2*t1) + 366/(t0**2*t1**2) - 84/(t0**2*t1**3) + 8/(t0**2*t1**4) + 3*t1**3/t0**3 - 28*t1**2/t0**3 + 104*t1/t0**3 - 194/t0**3 + 187/(t0**3*t1) - 84/(t0**3*t1**2) + 12/(t0**3*t1**3) + t1**2/t0**4 - 7*t1/t0**4 + 18/t0**4 - 20/(t0**4*t1) + 8/(t0**4*t1**2),"[[    0     0     8   -20    18    -7     1     0]
 [    0    12   -84   187  -194   104   -28     3]
 [    8   -84   366  -775   872  -533   167   -21]
 [  -20   187  -775  1700 -2064  1385  -480    67]
 [   18  -194   872 -2064  2735 -2023   778  -121]
 [   -7   104  -533  1385 -2023  1668  -720   126]
 [    1   -28   167  -480   778  -720   352   -70]
 [    0     3   -21    67  -121   126   -70    16]]",0
"LinksGouldInvariant[2, 1, PrimeKnot[12, ""A"", 4]]",12*x**6 + 460*x**4 + 2406*x**2 + y**16 + (-7*x - 7/x)*(y**14 + y**(-14)) + (y**2 + y**(-2))*(-96*x**5 - 1094*x**3 - 3106*x - 3106/x - 1094/x**3 - 96/x**5) + (y**4 + y**(-4))*(8*x**6 + 272*x**4 + 1460*x**2 + 2440 + 1460/x**2 + 272/x**4 + 8/x**6) + (y**6 + y**(-6))*(-30*x**5 - 390*x**3 - 1173*x - 1173/x - 390/x**3 - 30/x**5) + (y**8 + y**(-8))*(47*x**4 + 326*x**2 + 581 + 326/x**2 + 47/x**4) + (y**10 + y**(-10))*(-41*x**3 - 168*x - 168/x - 41/x**3) + (y**12 + y**(-12))*(22*x**2 + 51 + 22/x**2) + 3979 + y**(-16) + 2406/x**2 + 460/x**4 + 12/x**6,8*t0**4*t1**2 - 30*t0**4*t1 + 47*t0**4 - 41*t0**4/t1 + 22*t0**4/t1**2 - 7*t0**4/t1**3 + t0**4/t1**4 + 12*t0**3*t1**3 - 96*t0**3*t1**2 + 272*t0**3*t1 - 390*t0**3 + 326*t0**3/t1 - 168*t0**3/t1**2 + 51*t0**3/t1**3 - 7*t0**3/t1**4 + 8*t0**2*t1**4 - 96*t0**2*t1**3 + 460*t0**2*t1**2 - 1094*t0**2*t1 + 1460*t0**2 - 1173*t0**2/t1 + 581*t0**2/t1**2 - 168*t0**2/t1**3 + 22*t0**2/t1**4 - 30*t0*t1**4 + 272*t0*t1**3 - 1094*t0*t1**2 + 2406*t0*t1 - 3106*t0 + 2440*t0/t1 - 1173*t0/t1**2 + 326*t0/t1**3 - 41*t0/t1**4 + 47*t1**4 - 390*t1**3 + 1460*t1**2 - 3106*t1 + 3979 - 3106/t1 + 1460/t1**2 - 390/t1**3 + 47/t1**4 - 41*t1**4/t0 + 326*t1**3/t0 - 1173*t1**2/t0 + 2440*t1/t0 - 3106/t0 + 2406/(t0*t1) - 1094/(t0*t1**2) + 272/(t0*t1**3) - 30/(t0*t1**4) + 22*t1**4/t0**2 - 168*t1**3/t0**2 + 581*t1**2/t0**2 - 1173*t1/t0**2 + 1460/t0**2 - 1094/(t0**2*t1) + 460/(t0**2*t1**2) - 96/(t0**2*t1**3) + 8/(t0**2*t1**4) - 7*t1**4/t0**3 + 51*t1**3/t0**3 - 168*t1**2/t0**3 + 326*t1/t0**3 - 390/t0**3 + 272/(t0**3*t1) - 96/(t0**3*t1**2) + 12/(t0**3*t1**3) + t1**4/t0**4 - 7*t1**3/t0**4 + 22*t1**2/t0**4 - 41*t1/t0**4 + 47/t0**4 - 30/(t0**4*t1) + 8/(t0**4*t1**2),"[[    0     0     8   -30    47   -41    22    -7     1]
 [    0    12   -96   272  -390   326  -168    51    -7]
 [    8   -96   460 -1094  1460 -1173   581  -168    22]
 [  -30   272 -1094  2406 -3106  2440 -1173   326   -41]
 [   47  -390  1460 -3106  3979 -3106  1460  -390    47]
 [  -41   326 -1173  2440 -3106  2406 -1094   272   -30]
 [   22  -168   581 -1173  1460 -1094   460   -96     8]
 [   -7    51  -168   326  -390   272   -96    12     0]
 [    1    -7    22   -41    47   -30     8     0     0]]",0
"LinksGouldInvariant[2, 1, PrimeKnot[12, ""A"", 5]]",12*x**8 + 426*x**6 + 2182*x**4 + 3590*x**2 + (3*x**4 + 6*x**2)*(y**12 + y**(-12)) + (y**2 + y**(-2))*(-92*x**7 - 1000*x**5 - 2767*x**3 - 2727*x - 958/x - 90/x**3) + (y**4 + y**(-4))*(8*x**8 + 253*x**6 + 1265*x**4 + 2002*x**2 + 1108 + 173/x**2) + (y**6 + y**(-6))*(-28*x**7 - 319*x**5 - 864*x**3 - 757*x - 184/x) + (y**8 + y**(-8))*(34*x**6 + 197*x**4 + 297*x**2 + 115) + (y**10 + y**(-10))*(-17*x**5 - 57*x**3 - 40*x) + 2195 + 454/x**2 + 20/x**4,20*t0**2*t1**2 - 90*t0**2*t1 + 173*t0**2 - 184*t0**2/t1 + 115*t0**2/t1**2 - 40*t0**2/t1**3 + 6*t0**2/t1**4 - 90*t0*t1**2 + 454*t0*t1 - 958*t0 + 1108*t0/t1 - 757*t0/t1**2 + 297*t0/t1**3 - 57*t0/t1**4 + 3*t0/t1**5 + 173*t1**2 - 958*t1 + 2195 - 2727/t1 + 2002/t1**2 - 864/t1**3 + 197/t1**4 - 17/t1**5 - 184*t1**2/t0 + 1108*t1/t0 - 2727/t0 + 3590/(t0*t1) - 2767/(t0*t1**2) + 1265/(t0*t1**3) - 319/(t0*t1**4) + 34/(t0*t1**5) + 115*t1**2/t0**2 - 757*t1/t0**2 + 2002/t0**2 - 2767/(t0**2*t1) + 2182/(t0**2*t1**2) - 1000/(t0**2*t1**3) + 253/(t0**2*t1**4) - 28/(t0**2*t1**5) - 40*t1**2/t0**3 + 297*t1/t0**3 - 864/t0**3 + 1265/(t0**3*t1) - 1000/(t0**3*t1**2) + 426/(t0**3*t1**3) - 92/(t0**3*t1**4) + 8/(t0**3*t1**5) + 6*t1**2/t0**4 - 57*t1/t0**4 + 197/t0**4 - 319/(t0**4*t1) + 253/(t0**4*t1**2) - 92/(t0**4*t1**3) + 12/(t0**4*t1**4) + 3*t1/t0**5 - 17/t0**5 + 34/(t0**5*t1) - 28/(t0**5*t1**2) + 8/(t0**5*t1**3),"[[    0     0     8   -28    34   -17     3     0]
 [    0    12   -92   253  -319   197   -57     6]
 [    8   -92   426 -1000  1265  -864   297   -40]
 [  -28   253 -1000  2182 -2767  2002  -757   115]
 [   34  -319  1265 -2767  3590 -2727  1108  -184]
 [  -17   197  -864  2002 -2727  2195  -958   173]
 [    3   -57   297  -757  1108  -958   454   -90]
 [    0     6   -40   115  -184   173   -90    20]]",0
"LinksGouldInvariant[2, 1, PrimeKnot[12, ""A"", 6]]",126*x**6 + 1236*x**4 + x**2*(y**16 + y**(-16)) + 2964*x**2 + (-7*x**3 - 7*x)*(y**14 + y**(-14)) + (y**2 + y**(-2))*(-14*x**7 - 451*x**5 - 2005*x**3 - 2791*x - 1485/x - 270/x**3 - 8/x**5) + (y**4 + y**(-4))*(86*x**6 + 849*x**4 + 1978*x**2 + 1613 + 476/x**2 + 34/x**4) + (y**6 + y**(-6))*(-6*x**7 - 204*x**5 - 903*x**3 - 1159*x - 518/x - 64/x**3) + (y**8 + y**(-8))*(21*x**6 + 242*x**4 + 545*x**2 + 372 + 71/x**2) + (y**10 + y**(-10))*(-29*x**5 - 154*x**3 - 176*x - 51/x) + (y**12 + y**(-12))*(20*x**4 + 51*x**2 + 24) + 2577 + 856/x**2 + 80/x**4,-8*t0**3*t1**2 + 34*t0**3*t1 - 64*t0**3 + 71*t0**3/t1 - 51*t0**3/t1**2 + 24*t0**3/t1**3 - 7*t0**3/t1**4 + t0**3/t1**5 - 8*t0**2*t1**3 + 80*t0**2*t1**2 - 270*t0**2*t1 + 476*t0**2 - 518*t0**2/t1 + 372*t0**2/t1**2 - 176*t0**2/t1**3 + 51*t0**2/t1**4 - 7*t0**2/t1**5 + 34*t0*t1**3 - 270*t0*t1**2 + 856*t0*t1 - 1485*t0 + 1613*t0/t1 - 1159*t0/t1**2 + 545*t0/t1**3 - 154*t0/t1**4 + 20*t0/t1**5 - 64*t1**3 + 476*t1**2 - 1485*t1 + 2577 - 2791/t1 + 1978/t1**2 - 903/t1**3 + 242/t1**4 - 29/t1**5 + 71*t1**3/t0 - 518*t1**2/t0 + 1613*t1/t0 - 2791/t0 + 2964/(t0*t1) - 2005/(t0*t1**2) + 849/(t0*t1**3) - 204/(t0*t1**4) + 21/(t0*t1**5) - 51*t1**3/t0**2 + 372*t1**2/t0**2 - 1159*t1/t0**2 + 1978/t0**2 - 2005/(t0**2*t1) + 1236/(t0**2*t1**2) - 451/(t0**2*t1**3) + 86/(t0**2*t1**4) - 6/(t0**2*t1**5) + 24*t1**3/t0**3 - 176*t1**2/t0**3 + 545*t1/t0**3 - 903/t0**3 + 849/(t0**3*t1) - 451/(t0**3*t1**2) + 126/(t0**3*t1**3) - 14/(t0**3*t1**4) - 7*t1**3/t0**4 + 51*t1**2/t0**4 - 154*t1/t0**4 + 242/t0**4 - 204/(t0**4*t1) + 86/(t0**4*t1**2) - 14/(t0**4*t1**3) + t1**3/t0**5 - 7*t1**2/t0**5 + 20*t1/t0**5 - 29/t0**5 + 21/(t0**5*t1) - 6/(t0**5*t1**2),"[[    0     0     0    -6    21   -29    20    -7     1]
 [    0     0   -14    86  -204   242  -154    51    -7]
 [    0   -14   126  -451   849  -903   545  -176    24]
 [   -6    86  -451  1236 -2005  1978 -1159   372   -51]
 [   21  -204   849 -2005  2964 -2791  1613  -518    71]
 [  -29   242  -903  1978 -2791  2577 -1485   476   -64]
 [   20  -154   545 -1159  1613 -1485   856  -270    34]
 [   -7    51  -176   372  -518   476  -270    80    -8]
 [    1    -7    24   -51    71   -64    34    -8     0]]",0
"LinksGouldInvariant[2, 1, PrimeKnot[12, ""A"", 7]]",20*x**4 + 704*x**2 + (-8/x - 8/x**3)*(y**14 + y**(-14)) + (y**2 + y**(-2))*(-152*x**3 - 1560*x - 4047/x - 3792/x**3 - 1258/x**5 - 105/x**7) + (y**4 + y**(-4))*(12*x**4 + 391*x**2 + 1979 + 3161/x**2 + 1828/x**4 + 332/x**6 + 10/x**8) + (y**6 + y**(-6))*(-40*x**3 - 526*x - 1570/x - 1564/x**3 - 521/x**5 - 41/x**7) + (y**8 + y**(-8))*(59*x**2 + 431 + 786/x**2 + 454/x**4 + 68/x**6) + (y**10 + y**(-10))*(-51*x - 220/x - 228/x**3 - 59/x**5) + (y**12 + y**(-12))*(27 + 64/x**2 + 29/x**4) + 3265 + (y**16 + y**(-16))/x**2 + 4952/x**2 + 2788/x**4 + 496/x**6 + 12/x**8,10*t0**5*t1**3 - 41*t0**5*t1**2 + 68*t0**5*t1 - 59*t0**5 + 29*t0**5/t1 - 8*t0**5/t1**2 + t0**5/t1**3 + 12*t0**4*t1**4 - 105*t0**4*t1**3 + 332*t0**4*t1**2 - 521*t0**4*t1 + 454*t0**4 - 228*t0**4/t1 + 64*t0**4/t1**2 - 8*t0**4/t1**3 + 10*t0**3*t1**5 - 105*t0**3*t1**4 + 496*t0**3*t1**3 - 1258*t0**3*t1**2 + 1828*t0**3*t1 - 1564*t0**3 + 786*t0**3/t1 - 220*t0**3/t1**2 + 27*t0**3/t1**3 - 41*t0**2*t1**5 + 332*t0**2*t1**4 - 1258*t0**2*t1**3 + 2788*t0**2*t1**2 - 3792*t0**2*t1 + 3161*t0**2 - 1570*t0**2/t1 + 431*t0**2/t1**2 - 51*t0**2/t1**3 + 68*t0*t1**5 - 521*t0*t1**4 + 1828*t0*t1**3 - 3792*t0*t1**2 + 4952*t0*t1 - 4047*t0 + 1979*t0/t1 - 526*t0/t1**2 + 59*t0/t1**3 - 59*t1**5 + 454*t1**4 - 1564*t1**3 + 3161*t1**2 - 4047*t1 + 3265 - 1560/t1 + 391/t1**2 - 40/t1**3 + 29*t1**5/t0 - 228*t1**4/t0 + 786*t1**3/t0 - 1570*t1**2/t0 + 1979*t1/t0 - 1560/t0 + 704/(t0*t1) - 152/(t0*t1**2) + 12/(t0*t1**3) - 8*t1**5/t0**2 + 64*t1**4/t0**2 - 220*t1**3/t0**2 + 431*t1**2/t0**2 - 526*t1/t0**2 + 391/t0**2 - 152/(t0**2*t1) + 20/(t0**2*t1**2) + t1**5/t0**3 - 8*t1**4/t0**3 + 27*t1**3/t0**3 - 51*t1**2/t0**3 + 59*t1/t0**3 - 40/t0**3 + 12/(t0**3*t1),"[[    0     0    12   -40    59   -51    27    -8     1]
 [    0    20  -152   391  -526   431  -220    64    -8]
 [   12  -152   704 -1560  1979 -1570   786  -228    29]
 [  -40   391 -1560  3265 -4047  3161 -1564   454   -59]
 [   59  -526  1979 -4047  4952 -3792  1828  -521    68]
 [  -51   431 -1570  3161 -3792  2788 -1258   332   -41]
 [   27  -220   786 -1564  1828 -1258   496  -105    10]
 [   -8    64  -228   454  -521   332  -105    12     0]
 [    1    -8    29   -59    68   -41    10     0     0]]",0
"LinksGouldInvariant[2, 1, PrimeKnot[12, ""A"", 8]]",8*x**6 + 274*x**4 + 1442*x**2 + y**16 + (-7*x - 7/x)*(y**14 + y**(-14)) + (y**2 + y**(-2))*(-61*x**5 - 659*x**3 - 1927*x - 2007/x - 750/x**3 - 72/x**5) + (y**4 + y**(-4))*(6*x**6 + 173*x**4 + 930*x**2 + 1627 + 1033/x**2 + 215/x**4 + 8/x**6) + (y**6 + y**(-6))*(-21*x**5 - 260*x**3 - 823*x - 875/x - 321/x**3 - 30/x**5) + (y**8 + y**(-8))*(33*x**4 + 242*x**2 + 464 + 281/x**2 + 47/x**4) + (y**10 + y**(-10))*(-32*x**3 - 144*x - 153/x - 41/x**3) + (y**12 + y**(-12))*(20*x**2 + 49 + 22/x**2) + 2473 + y**(-16) + 1558/x**2 + 316/x**4 + 8/x**6,8*t0**4*t1**2 - 30*t0**4*t1 + 47*t0**4 - 41*t0**4/t1 + 22*t0**4/t1**2 - 7*t0**4/t1**3 + t0**4/t1**4 + 8*t0**3*t1**3 - 72*t0**3*t1**2 + 215*t0**3*t1 - 321*t0**3 + 281*t0**3/t1 - 153*t0**3/t1**2 + 49*t0**3/t1**3 - 7*t0**3/t1**4 + 8*t0**2*t1**4 - 72*t0**2*t1**3 + 316*t0**2*t1**2 - 750*t0**2*t1 + 1033*t0**2 - 875*t0**2/t1 + 464*t0**2/t1**2 - 144*t0**2/t1**3 + 20*t0**2/t1**4 - 30*t0*t1**4 + 215*t0*t1**3 - 750*t0*t1**2 + 1558*t0*t1 - 2007*t0 + 1627*t0/t1 - 823*t0/t1**2 + 242*t0/t1**3 - 32*t0/t1**4 + 47*t1**4 - 321*t1**3 + 1033*t1**2 - 2007*t1 + 2473 - 1927/t1 + 930/t1**2 - 260/t1**3 + 33/t1**4 - 41*t1**4/t0 + 281*t1**3/t0 - 875*t1**2/t0 + 1627*t1/t0 - 1927/t0 + 1442/(t0*t1) - 659/(t0*t1**2) + 173/(t0*t1**3) - 21/(t0*t1**4) + 22*t1**4/t0**2 - 153*t1**3/t0**2 + 464*t1**2/t0**2 - 823*t1/t0**2 + 930/t0**2 - 659/(t0**2*t1) + 274/(t0**2*t1**2) - 61/(t0**2*t1**3) + 6/(t0**2*t1**4) - 7*t1**4/t0**3 + 49*t1**3/t0**3 - 144*t1**2/t0**3 + 242*t1/t0**3 - 260/t0**3 + 173/(t0**3*t1) - 61/(t0**3*t1**2) + 8/(t0**3*t1**3) + t1**4/t0**4 - 7*t1**3/t0**4 + 20*t1**2/t0**4 - 32*t1/t0**4 + 33/t0**4 - 21/(t0**4*t1) + 6/(t0**4*t1**2),"[[    0     0     6   -21    33   -32    20    -7     1]
 [    0     8   -61   173  -260   242  -144    49    -7]
 [    6   -61   274  -659   930  -823   464  -153    22]
 [  -21   173  -659  1442 -1927  1627  -875   281   -41]
 [   33  -260   930 -1927  2473 -2007  1033  -321    47]
 [  -32   242  -823  1627 -2007  1558  -750   215   -30]
 [   20  -144   464  -875  1033  -750   316   -72     8]
 [   -7    49  -153   281  -321   215   -72     8     0]
 [    1    -7    22   -41    47   -30     8     0     0]]",0
"LinksGouldInvariant[2, 1, PrimeKnot[12, ""A"", 9]]",12*x**6 + 300*x**4 + 968*x**2 + (3*x**2 + 1)*(y**12 + y**(-12)) + (y**2 + y**(-2))*(-83*x**5 - 572*x**3 - 1004*x - 738/x - 253/x**3 - 30/x**5) + (y**4 + y**(-4))*(10*x**6 + 198*x**4 + 599*x**2 + 609 + 273/x**2 + 47/x**4) + (y**6 + y**(-6))*(-31*x**5 - 216*x**3 - 334*x - 190/x - 41/x**3) + (y**8 + y**(-8))*(35*x**4 + 112*x**2 + 87 + 22/x**2) + (y**10 + y**(-10))*(-17*x**3 - 24*x - 7/x) + 1093 + 574/x**2 + 134/x**4 + 8/x**6,8*t0**3*t1**3 - 30*t0**3*t1**2 + 47*t0**3*t1 - 41*t0**3 + 22*t0**3/t1 - 7*t0**3/t1**2 + t0**3/t1**3 - 30*t0**2*t1**3 + 134*t0**2*t1**2 - 253*t0**2*t1 + 273*t0**2 - 190*t0**2/t1 + 87*t0**2/t1**2 - 24*t0**2/t1**3 + 3*t0**2/t1**4 + 47*t0*t1**3 - 253*t0*t1**2 + 574*t0*t1 - 738*t0 + 609*t0/t1 - 334*t0/t1**2 + 112*t0/t1**3 - 17*t0/t1**4 - 41*t1**3 + 273*t1**2 - 738*t1 + 1093 - 1004/t1 + 599/t1**2 - 216/t1**3 + 35/t1**4 + 22*t1**3/t0 - 190*t1**2/t0 + 609*t1/t0 - 1004/t0 + 968/(t0*t1) - 572/(t0*t1**2) + 198/(t0*t1**3) - 31/(t0*t1**4) - 7*t1**3/t0**2 + 87*t1**2/t0**2 - 334*t1/t0**2 + 599/t0**2 - 572/(t0**2*t1) + 300/(t0**2*t1**2) - 83/(t0**2*t1**3) + 10/(t0**2*t1**4) + t1**3/t0**3 - 24*t1**2/t0**3 + 112*t1/t0**3 - 216/t0**3 + 198/(t0**3*t1) - 83/(t0**3*t1**2) + 12/(t0**3*t1**3) + 3*t1**2/t0**4 - 17*t1/t0**4 + 35/t0**4 - 31/(t0**4*t1) + 10/(t0**4*t1**2),"[[    0     0    10   -31    35   -17     3     0]
 [    0    12   -83   198  -216   112   -24     1]
 [   10   -83   300  -572   599  -334    87    -7]
 [  -31   198  -572   968 -1004   609  -190    22]
 [   35  -216   599 -1004  1093  -738   273   -41]
 [  -17   112  -334   609  -738   574  -253    47]
 [    3   -24    87  -190   273  -253   134   -30]
 [    0     1    -7    22   -41    47   -30     8]]",0
"LinksGouldInvariant[2, 1, PrimeKnot[12, ""A"", 10]]",16*x**8 + 516*x**6 + 2486*x**4 + 3934*x**2 + (3*x**4 + 6*x**2)*(y**12 + y**(-12)) + (y**2 + y**(-2))*(-112*x**7 - 1154*x**5 - 3063*x**3 - 2928*x - 998/x - 91/x**3) + (y**4 + y**(-4))*(8*x**8 + 284*x**6 + 1388*x**4 + 2146*x**2 + 1162 + 177/x**2) + (y**6 + y**(-6))*(-28*x**7 - 338*x**5 - 909*x**3 - 788*x - 189/x) + (y**8 + y**(-8))*(34*x**6 + 201*x**4 + 303*x**2 + 117) + (y**10 + y**(-10))*(-17*x**5 - 57*x**3 - 40*x) + 2329 + 466/x**2 + 20/x**4,20*t0**2*t1**2 - 91*t0**2*t1 + 177*t0**2 - 189*t0**2/t1 + 117*t0**2/t1**2 - 40*t0**2/t1**3 + 6*t0**2/t1**4 - 91*t0*t1**2 + 466*t0*t1 - 998*t0 + 1162*t0/t1 - 788*t0/t1**2 + 303*t0/t1**3 - 57*t0/t1**4 + 3*t0/t1**5 + 177*t1**2 - 998*t1 + 2329 - 2928/t1 + 2146/t1**2 - 909/t1**3 + 201/t1**4 - 17/t1**5 - 189*t1**2/t0 + 1162*t1/t0 - 2928/t0 + 3934/(t0*t1) - 3063/(t0*t1**2) + 1388/(t0*t1**3) - 338/(t0*t1**4) + 34/(t0*t1**5) + 117*t1**2/t0**2 - 788*t1/t0**2 + 2146/t0**2 - 3063/(t0**2*t1) + 2486/(t0**2*t1**2) - 1154/(t0**2*t1**3) + 284/(t0**2*t1**4) - 28/(t0**2*t1**5) - 40*t1**2/t0**3 + 303*t1/t0**3 - 909/t0**3 + 1388/(t0**3*t1) - 1154/(t0**3*t1**2) + 516/(t0**3*t1**3) - 112/(t0**3*t1**4) + 8/(t0**3*t1**5) + 6*t1**2/t0**4 - 57*t1/t0**4 + 201/t0**4 - 338/(t0**4*t1) + 284/(t0**4*t1**2) - 112/(t0**4*t1**3) + 16/(t0**4*t1**4) + 3*t1/t0**5 - 17/t0**5 + 34/(t0**5*t1) - 28/(t0**5*t1**2) + 8/(t0**5*t1**3),"[[    0     0     8   -28    34   -17     3     0]
 [    0    16  -112   284  -338   201   -57     6]
 [    8  -112   516 -1154  1388  -909   303   -40]
 [  -28   284 -1154  2486 -3063  2146  -788   117]
 [   34  -338  1388 -3063  3934 -2928  1162  -189]
 [  -17   201  -909  2146 -2928  2329  -998   177]
 [    3   -57   303  -788  1162  -998   466   -91]
 [    0     6   -40   117  -189   177   -91    20]]",0
"LinksGouldInvariant[2, 1, PrimeKnot[12, ""A"", 11]]",76*x**2 + (-7/x**3 - 7/x**5)*(y**14 + y**(-14)) + (y**2 + y**(-2))*(-8*x**3 - 222*x - 1016/x - 1720/x**3 - 1162/x**5 - 252/x**7 - 8/x**9) + (y**4 + y**(-4))*(28*x**2 + 349 + 1076/x**2 + 1267/x**4 + 535/x**6 + 57/x**8) + (y**6 + y**(-6))*(-46*x - 366/x - 819/x**3 - 649/x**5 - 156/x**7 - 6/x**9) + (y**8 + y**(-8))*(49 + 279/x**2 + 437/x**4 + 208/x**6 + 22/x**8) + (y**10 + y**(-10))*(-38/x - 150/x**3 - 143/x**5 - 31/x**7) + (y**12 + y**(-12))*(21/x**2 + 49/x**4 + 21/x**6) + 639 + 1638/x**2 + (y**16 + y**(-16))/x**4 + 1722/x**4 + 674/x**6 + 66/x**8,-6*t0**6*t1**3 + 22*t0**6*t1**2 - 31*t0**6*t1 + 21*t0**6 - 7*t0**6/t1 + t0**6/t1**2 - 8*t0**5*t1**4 + 57*t0**5*t1**3 - 156*t0**5*t1**2 + 208*t0**5*t1 - 143*t0**5 + 49*t0**5/t1 - 7*t0**5/t1**2 - 8*t0**4*t1**5 + 66*t0**4*t1**4 - 252*t0**4*t1**3 + 535*t0**4*t1**2 - 649*t0**4*t1 + 437*t0**4 - 150*t0**4/t1 + 21*t0**4/t1**2 - 6*t0**3*t1**6 + 57*t0**3*t1**5 - 252*t0**3*t1**4 + 674*t0**3*t1**3 - 1162*t0**3*t1**2 + 1267*t0**3*t1 - 819*t0**3 + 279*t0**3/t1 - 38*t0**3/t1**2 + 22*t0**2*t1**6 - 156*t0**2*t1**5 + 535*t0**2*t1**4 - 1162*t0**2*t1**3 + 1722*t0**2*t1**2 - 1720*t0**2*t1 + 1076*t0**2 - 366*t0**2/t1 + 49*t0**2/t1**2 - 31*t0*t1**6 + 208*t0*t1**5 - 649*t0*t1**4 + 1267*t0*t1**3 - 1720*t0*t1**2 + 1638*t0*t1 - 1016*t0 + 349*t0/t1 - 46*t0/t1**2 + 21*t1**6 - 143*t1**5 + 437*t1**4 - 819*t1**3 + 1076*t1**2 - 1016*t1 + 639 - 222/t1 + 28/t1**2 - 7*t1**6/t0 + 49*t1**5/t0 - 150*t1**4/t0 + 279*t1**3/t0 - 366*t1**2/t0 + 349*t1/t0 - 222/t0 + 76/(t0*t1) - 8/(t0*t1**2) + t1**6/t0**2 - 7*t1**5/t0**2 + 21*t1**4/t0**2 - 38*t1**3/t0**2 + 49*t1**2/t0**2 - 46*t1/t0**2 + 28/t0**2 - 8/(t0**2*t1),"[[    0    -8    28   -46    49   -38    21    -7     1]
 [   -8    76  -222   349  -366   279  -150    49    -7]
 [   28  -222   639 -1016  1076  -819   437  -143    21]
 [  -46   349 -1016  1638 -1720  1267  -649   208   -31]
 [   49  -366  1076 -1720  1722 -1162   535  -156    22]
 [  -38   279  -819  1267 -1162   674  -252    57    -6]
 [   21  -150   437  -649   535  -252    66    -8     0]
 [   -7    49  -143   208  -156    57    -8     0     0]
 [    1    -7    21   -31    22    -6     0     0     0]]",0
"LinksGouldInvariant[2, 1, PrimeKnot[12, ""A"", 12]]",148*x**2 + (3/x**2 + x**(-4))*(y**12 + y**(-12)) + (y**2 + y**(-2))*(-16*x**3 - 424*x - 1701/x - 2180/x**3 - 1065/x**5 - 184/x**7 - 6/x**9) + (y**4 + y**(-4))*(56*x**2 + 581 + 1324/x**2 + 1027/x**4 + 290/x**6 + 22/x**8) + (y**6 + y**(-6))*(-80*x - 426/x - 559/x**3 - 244/x**5 - 31/x**7) + (y**8 + y**(-8))*(58 + 164/x**2 + 113/x**4 + 21/x**6) + (y**10 + y**(-10))*(-21/x - 28/x**3 - 7/x**5) + 1199 + 2576/x**2 + 2030/x**4 + 616/x**6 + 56/x**8,-6*t0**5*t1**4 + 22*t0**5*t1**3 - 31*t0**5*t1**2 + 21*t0**5*t1 - 7*t0**5 + t0**5/t1 - 6*t0**4*t1**5 + 56*t0**4*t1**4 - 184*t0**4*t1**3 + 290*t0**4*t1**2 - 244*t0**4*t1 + 113*t0**4 - 28*t0**4/t1 + 3*t0**4/t1**2 + 22*t0**3*t1**5 - 184*t0**3*t1**4 + 616*t0**3*t1**3 - 1065*t0**3*t1**2 + 1027*t0**3*t1 - 559*t0**3 + 164*t0**3/t1 - 21*t0**3/t1**2 - 31*t0**2*t1**5 + 290*t0**2*t1**4 - 1065*t0**2*t1**3 + 2030*t0**2*t1**2 - 2180*t0**2*t1 + 1324*t0**2 - 426*t0**2/t1 + 58*t0**2/t1**2 + 21*t0*t1**5 - 244*t0*t1**4 + 1027*t0*t1**3 - 2180*t0*t1**2 + 2576*t0*t1 - 1701*t0 + 581*t0/t1 - 80*t0/t1**2 - 7*t1**5 + 113*t1**4 - 559*t1**3 + 1324*t1**2 - 1701*t1 + 1199 - 424/t1 + 56/t1**2 + t1**5/t0 - 28*t1**4/t0 + 164*t1**3/t0 - 426*t1**2/t0 + 581*t1/t0 - 424/t0 + 148/(t0*t1) - 16/(t0*t1**2) + 3*t1**4/t0**2 - 21*t1**3/t0**2 + 58*t1**2/t0**2 - 80*t1/t0**2 + 56/t0**2 - 16/(t0**2*t1),"[[    0   -16    56   -80    58   -21     3     0]
 [  -16   148  -424   581  -426   164   -28     1]
 [   56  -424  1199 -1701  1324  -559   113    -7]
 [  -80   581 -1701  2576 -2180  1027  -244    21]
 [   58  -426  1324 -2180  2030 -1065   290   -31]
 [  -21   164  -559  1027 -1065   616  -184    22]
 [    3   -28   113  -244   290  -184    56    -6]
 [    0     1    -7    21   -31    22    -6     0]]",0
"LinksGouldInvariant[2, 1, PrimeKnot[12, ""A"", 13]]",216*x**4 + 2120*x**2 + y**16 + (-8*x - 8/x)*(y**14 + y**(-14)) + (y**2 + y**(-2))*(-24*x**5 - 785*x**3 - 3326*x - 4416/x - 2207/x**3 - 366/x**5 - 10/x**7) + (y**4 + y**(-4))*(156*x**4 + 1413*x**2 + 3111 + 2427/x**2 + 673/x**4 + 45/x**6) + (y**6 + y**(-6))*(-12*x**5 - 344*x**3 - 1397*x - 1716/x - 738/x**3 - 87/x**5) + (y**8 + y**(-8))*(36*x**4 + 368*x**2 + 783 + 519/x**2 + 96/x**4) + (y**10 + y**(-10))*(-43*x**3 - 212*x - 236/x - 67/x**3) + (y**12 + y**(-12))*(26*x**2 + 64 + 30/x**2) + 4853 + y**(-16) + 3998/x**2 + 1220/x**4 + 102/x**6,-10*t0**4*t1**3 + 45*t0**4*t1**2 - 87*t0**4*t1 + 96*t0**4 - 67*t0**4/t1 + 30*t0**4/t1**2 - 8*t0**4/t1**3 + t0**4/t1**4 - 10*t0**3*t1**4 + 102*t0**3*t1**3 - 366*t0**3*t1**2 + 673*t0**3*t1 - 738*t0**3 + 519*t0**3/t1 - 236*t0**3/t1**2 + 64*t0**3/t1**3 - 8*t0**3/t1**4 + 45*t0**2*t1**4 - 366*t0**2*t1**3 + 1220*t0**2*t1**2 - 2207*t0**2*t1 + 2427*t0**2 - 1716*t0**2/t1 + 783*t0**2/t1**2 - 212*t0**2/t1**3 + 26*t0**2/t1**4 - 87*t0*t1**4 + 673*t0*t1**3 - 2207*t0*t1**2 + 3998*t0*t1 - 4416*t0 + 3111*t0/t1 - 1397*t0/t1**2 + 368*t0/t1**3 - 43*t0/t1**4 + 96*t1**4 - 738*t1**3 + 2427*t1**2 - 4416*t1 + 4853 - 3326/t1 + 1413/t1**2 - 344/t1**3 + 36/t1**4 - 67*t1**4/t0 + 519*t1**3/t0 - 1716*t1**2/t0 + 3111*t1/t0 - 3326/t0 + 2120/(t0*t1) - 785/(t0*t1**2) + 156/(t0*t1**3) - 12/(t0*t1**4) + 30*t1**4/t0**2 - 236*t1**3/t0**2 + 783*t1**2/t0**2 - 1397*t1/t0**2 + 1413/t0**2 - 785/(t0**2*t1) + 216/(t0**2*t1**2) - 24/(t0**2*t1**3) - 8*t1**4/t0**3 + 64*t1**3/t0**3 - 212*t1**2/t0**3 + 368*t1/t0**3 - 344/t0**3 + 156/(t0**3*t1) - 24/(t0**3*t1**2) + t1**4/t0**4 - 8*t1**3/t0**4 + 26*t1**2/t0**4 - 43*t1/t0**4 + 36/t0**4 - 12/(t0**4*t1),"[[    0     0     0   -12    36   -43    26    -8     1]
 [    0     0   -24   156  -344   368  -212    64    -8]
 [    0   -24   216  -785  1413 -1397   783  -236    30]
 [  -12   156  -785  2120 -3326  3111 -1716   519   -67]
 [   36  -344  1413 -3326  4853 -4416  2427  -738    96]
 [  -43   368 -1397  3111 -4416  3998 -2207   673   -87]
 [   26  -212   783 -1716  2427 -2207  1220  -366    45]
 [   -8    64  -236   519  -738   673  -366   102   -10]
 [    1    -8    30   -67    96   -87    45   -10     0]]",0
"LinksGouldInvariant[2, 1, PrimeKnot[12, ""A"", 14]]",20*x**4 + 704*x**2 + (-8/x - 8/x**3)*(y**14 + y**(-14)) + (y**2 + y**(-2))*(-152*x**3 - 1560*x - 4047/x - 3792/x**3 - 1258/x**5 - 105/x**7) + (y**4 + y**(-4))*(12*x**4 + 391*x**2 + 1979 + 3161/x**2 + 1828/x**4 + 332/x**6 + 10/x**8) + (y**6 + y**(-6))*(-40*x**3 - 526*x - 1570/x - 1564/x**3 - 521/x**5 - 41/x**7) + (y**8 + y**(-8))*(59*x**2 + 431 + 786/x**2 + 454/x**4 + 68/x**6) + (y**10 + y**(-10))*(-51*x - 220/x - 228/x**3 - 59/x**5) + (y**12 + y**(-12))*(27 + 64/x**2 + 29/x**4) + 3265 + (y**16 + y**(-16))/x**2 + 4952/x**2 + 2788/x**4 + 496/x**6 + 12/x**8,10*t0**5*t1**3 - 41*t0**5*t1**2 + 68*t0**5*t1 - 59*t0**5 + 29*t0**5/t1 - 8*t0**5/t1**2 + t0**5/t1**3 + 12*t0**4*t1**4 - 105*t0**4*t1**3 + 332*t0**4*t1**2 - 521*t0**4*t1 + 454*t0**4 - 228*t0**4/t1 + 64*t0**4/t1**2 - 8*t0**4/t1**3 + 10*t0**3*t1**5 - 105*t0**3*t1**4 + 496*t0**3*t1**3 - 1258*t0**3*t1**2 + 1828*t0**3*t1 - 1564*t0**3 + 786*t0**3/t1 - 220*t0**3/t1**2 + 27*t0**3/t1**3 - 41*t0**2*t1**5 + 332*t0**2*t1**4 - 1258*t0**2*t1**3 + 2788*t0**2*t1**2 - 3792*t0**2*t1 + 3161*t0**2 - 1570*t0**2/t1 + 431*t0**2/t1**2 - 51*t0**2/t1**3 + 68*t0*t1**5 - 521*t0*t1**4 + 1828*t0*t1**3 - 3792*t0*t1**2 + 4952*t0*t1 - 4047*t0 + 1979*t0/t1 - 526*t0/t1**2 + 59*t0/t1**3 - 59*t1**5 + 454*t1**4 - 1564*t1**3 + 3161*t1**2 - 4047*t1 + 3265 - 1560/t1 + 391/t1**2 - 40/t1**3 + 29*t1**5/t0 - 228*t1**4/t0 + 786*t1**3/t0 - 1570*t1**2/t0 + 1979*t1/t0 - 1560/t0 + 704/(t0*t1) - 152/(t0*t1**2) + 12/(t0*t1**3) - 8*t1**5/t0**2 + 64*t1**4/t0**2 - 220*t1**3/t0**2 + 431*t1**2/t0**2 - 526*t1/t0**2 + 391/t0**2 - 152/(t0**2*t1) + 20/(t0**2*t1**2) + t1**5/t0**3 - 8*t1**4/t0**3 + 27*t1**3/t0**3 - 51*t1**2/t0**3 + 59*t1/t0**3 - 40/t0**3 + 12/(t0**3*t1),"[[    0     0    12   -40    59   -51    27    -8     1]
 [    0    20  -152   391  -526   431  -220    64    -8]
 [   12  -152   704 -1560  1979 -1570   786  -228    29]
 [  -40   391 -1560  3265 -4047  3161 -1564   454   -59]
 [   59  -526  1979 -4047  4952 -3792  1828  -521    68]
 [  -51   431 -1570  3161 -3792  2788 -1258   332   -41]
 [   27  -220   786 -1564  1828 -1258   496  -105    10]
 [   -8    64  -228   454  -521   332  -105    12     0]
 [    1    -8    29   -59    68   -41    10     0     0]]",0
"LinksGouldInvariant[2, 1, PrimeKnot[12, ""A"", 15]]",216*x**4 + 2120*x**2 + y**16 + (-8*x - 8/x)*(y**14 + y**(-14)) + (y**2 + y**(-2))*(-24*x**5 - 785*x**3 - 3326*x - 4416/x - 2207/x**3 - 366/x**5 - 10/x**7) + (y**4 + y**(-4))*(156*x**4 + 1413*x**2 + 3111 + 2427/x**2 + 673/x**4 + 45/x**6) + (y**6 + y**(-6))*(-12*x**5 - 344*x**3 - 1397*x - 1716/x - 738/x**3 - 87/x**5) + (y**8 + y**(-8))*(36*x**4 + 368*x**2 + 783 + 519/x**2 + 96/x**4) + (y**10 + y**(-10))*(-43*x**3 - 212*x - 236/x - 67/x**3) + (y**12 + y**(-12))*(26*x**2 + 64 + 30/x**2) + 4853 + y**(-16) + 3998/x**2 + 1220/x**4 + 102/x**6,-10*t0**4*t1**3 + 45*t0**4*t1**2 - 87*t0**4*t1 + 96*t0**4 - 67*t0**4/t1 + 30*t0**4/t1**2 - 8*t0**4/t1**3 + t0**4/t1**4 - 10*t0**3*t1**4 + 102*t0**3*t1**3 - 366*t0**3*t1**2 + 673*t0**3*t1 - 738*t0**3 + 519*t0**3/t1 - 236*t0**3/t1**2 + 64*t0**3/t1**3 - 8*t0**3/t1**4 + 45*t0**2*t1**4 - 366*t0**2*t1**3 + 1220*t0**2*t1**2 - 2207*t0**2*t1 + 2427*t0**2 - 1716*t0**2/t1 + 783*t0**2/t1**2 - 212*t0**2/t1**3 + 26*t0**2/t1**4 - 87*t0*t1**4 + 673*t0*t1**3 - 2207*t0*t1**2 + 3998*t0*t1 - 4416*t0 + 3111*t0/t1 - 1397*t0/t1**2 + 368*t0/t1**3 - 43*t0/t1**4 + 96*t1**4 - 738*t1**3 + 2427*t1**2 - 4416*t1 + 4853 - 3326/t1 + 1413/t1**2 - 344/t1**3 + 36/t1**4 - 67*t1**4/t0 + 519*t1**3/t0 - 1716*t1**2/t0 + 3111*t1/t0 - 3326/t0 + 2120/(t0*t1) - 785/(t0*t1**2) + 156/(t0*t1**3) - 12/(t0*t1**4) + 30*t1**4/t0**2 - 236*t1**3/t0**2 + 783*t1**2/t0**2 - 1397*t1/t0**2 + 1413/t0**2 - 785/(t0**2*t1) + 216/(t0**2*t1**2) - 24/(t0**2*t1**3) - 8*t1**4/t0**3 + 64*t1**3/t0**3 - 212*t1**2/t0**3 + 368*t1/t0**3 - 344/t0**3 + 156/(t0**3*t1) - 24/(t0**3*t1**2) + t1**4/t0**4 - 8*t1**3/t0**4 + 26*t1**2/t0**4 - 43*t1/t0**4 + 36/t0**4 - 12/(t0**4*t1),"[[    0     0     0   -12    36   -43    26    -8     1]
 [    0     0   -24   156  -344   368  -212    64    -8]
 [    0   -24   216  -785  1413 -1397   783  -236    30]
 [  -12   156  -785  2120 -3326  3111 -1716   519   -67]
 [   36  -344  1413 -3326  4853 -4416  2427  -738    96]
 [  -43   368 -1397  3111 -4416  3998 -2207   673   -87]
 [   26  -212   783 -1716  2427 -2207  1220  -366    45]
 [   -8    64  -236   519  -738   673  -366   102   -10]
 [    1    -8    30   -67    96   -87    45   -10     0]]",0
"LinksGouldInvariant[2, 1, PrimeKnot[12, ""A"", 16]]",12*x**6 + 406*x**4 + 1976*x**2 + y**16 + (-7*x - 7/x)*(y**14 + y**(-14)) + (y**2 + y**(-2))*(-90*x**5 - 928*x**3 - 2521*x - 2468/x - 861/x**3 - 76/x**5) + (y**4 + y**(-4))*(8*x**6 + 242*x**4 + 1222*x**2 + 2006 + 1198/x**2 + 231/x**4 + 8/x**6) + (y**6 + y**(-6))*(-28*x**5 - 338*x**3 - 1000*x - 1006/x - 346/x**3 - 30/x**5) + (y**8 + y**(-8))*(42*x**4 + 287*x**2 + 520 + 300/x**2 + 47/x**4) + (y**10 + y**(-10))*(-37*x**3 - 156*x - 160/x - 41/x**3) + (y**12 + y**(-12))*(21*x**2 + 50 + 22/x**2) + 3165 + y**(-16) + 1872/x**2 + 352/x**4 + 8/x**6,8*t0**4*t1**2 - 30*t0**4*t1 + 47*t0**4 - 41*t0**4/t1 + 22*t0**4/t1**2 - 7*t0**4/t1**3 + t0**4/t1**4 + 8*t0**3*t1**3 - 76*t0**3*t1**2 + 231*t0**3*t1 - 346*t0**3 + 300*t0**3/t1 - 160*t0**3/t1**2 + 50*t0**3/t1**3 - 7*t0**3/t1**4 + 8*t0**2*t1**4 - 76*t0**2*t1**3 + 352*t0**2*t1**2 - 861*t0**2*t1 + 1198*t0**2 - 1006*t0**2/t1 + 520*t0**2/t1**2 - 156*t0**2/t1**3 + 21*t0**2/t1**4 - 30*t0*t1**4 + 231*t0*t1**3 - 861*t0*t1**2 + 1872*t0*t1 - 2468*t0 + 2006*t0/t1 - 1000*t0/t1**2 + 287*t0/t1**3 - 37*t0/t1**4 + 47*t1**4 - 346*t1**3 + 1198*t1**2 - 2468*t1 + 3165 - 2521/t1 + 1222/t1**2 - 338/t1**3 + 42/t1**4 - 41*t1**4/t0 + 300*t1**3/t0 - 1006*t1**2/t0 + 2006*t1/t0 - 2521/t0 + 1976/(t0*t1) - 928/(t0*t1**2) + 242/(t0*t1**3) - 28/(t0*t1**4) + 22*t1**4/t0**2 - 160*t1**3/t0**2 + 520*t1**2/t0**2 - 1000*t1/t0**2 + 1222/t0**2 - 928/(t0**2*t1) + 406/(t0**2*t1**2) - 90/(t0**2*t1**3) + 8/(t0**2*t1**4) - 7*t1**4/t0**3 + 50*t1**3/t0**3 - 156*t1**2/t0**3 + 287*t1/t0**3 - 338/t0**3 + 242/(t0**3*t1) - 90/(t0**3*t1**2) + 12/(t0**3*t1**3) + t1**4/t0**4 - 7*t1**3/t0**4 + 21*t1**2/t0**4 - 37*t1/t0**4 + 42/t0**4 - 28/(t0**4*t1) + 8/(t0**4*t1**2),"[[    0     0     8   -28    42   -37    21    -7     1]
 [    0    12   -90   242  -338   287  -156    50    -7]
 [    8   -90   406  -928  1222 -1000   520  -160    22]
 [  -28   242  -928  1976 -2521  2006 -1006   300   -41]
 [   42  -338  1222 -2521  3165 -2468  1198  -346    47]
 [  -37   287 -1000  2006 -2468  1872  -861   231   -30]
 [   21  -156   520 -1006  1198  -861   352   -76     8]
 [   -7    50  -160   300  -346   231   -76     8     0]
 [    1    -7    22   -41    47   -30     8     0     0]]",0
"LinksGouldInvariant[2, 1, PrimeKnot[12, ""A"", 17]]",180*x**6 + 1670*x**4 + x**2*(y**16 + y**(-16)) + 3776*x**2 + (-7*x**3 - 7*x)*(y**14 + y**(-14)) + (y**2 + y**(-2))*(-20*x**7 - 622*x**5 - 2597*x**3 - 3428*x - 1715/x - 290/x**3 - 8/x**5) + (y**4 + y**(-4))*(118*x**6 + 1097*x**4 + 2421*x**2 + 1876 + 517/x**2 + 34/x**4) + (y**6 + y**(-6))*(-8*x**7 - 259*x**5 - 1082*x**3 - 1329*x - 562/x - 64/x**3) + (y**8 + y**(-8))*(26*x**6 + 282*x**4 + 607*x**2 + 398 + 71/x**2) + (y**10 + y**(-10))*(-33*x**5 - 166*x**3 - 184*x - 51/x) + (y**12 + y**(-12))*(21*x**4 + 52*x**2 + 24) + 3103 + 962/x**2 + 84/x**4,-8*t0**3*t1**2 + 34*t0**3*t1 - 64*t0**3 + 71*t0**3/t1 - 51*t0**3/t1**2 + 24*t0**3/t1**3 - 7*t0**3/t1**4 + t0**3/t1**5 - 8*t0**2*t1**3 + 84*t0**2*t1**2 - 290*t0**2*t1 + 517*t0**2 - 562*t0**2/t1 + 398*t0**2/t1**2 - 184*t0**2/t1**3 + 52*t0**2/t1**4 - 7*t0**2/t1**5 + 34*t0*t1**3 - 290*t0*t1**2 + 962*t0*t1 - 1715*t0 + 1876*t0/t1 - 1329*t0/t1**2 + 607*t0/t1**3 - 166*t0/t1**4 + 21*t0/t1**5 - 64*t1**3 + 517*t1**2 - 1715*t1 + 3103 - 3428/t1 + 2421/t1**2 - 1082/t1**3 + 282/t1**4 - 33/t1**5 + 71*t1**3/t0 - 562*t1**2/t0 + 1876*t1/t0 - 3428/t0 + 3776/(t0*t1) - 2597/(t0*t1**2) + 1097/(t0*t1**3) - 259/(t0*t1**4) + 26/(t0*t1**5) - 51*t1**3/t0**2 + 398*t1**2/t0**2 - 1329*t1/t0**2 + 2421/t0**2 - 2597/(t0**2*t1) + 1670/(t0**2*t1**2) - 622/(t0**2*t1**3) + 118/(t0**2*t1**4) - 8/(t0**2*t1**5) + 24*t1**3/t0**3 - 184*t1**2/t0**3 + 607*t1/t0**3 - 1082/t0**3 + 1097/(t0**3*t1) - 622/(t0**3*t1**2) + 180/(t0**3*t1**3) - 20/(t0**3*t1**4) - 7*t1**3/t0**4 + 52*t1**2/t0**4 - 166*t1/t0**4 + 282/t0**4 - 259/(t0**4*t1) + 118/(t0**4*t1**2) - 20/(t0**4*t1**3) + t1**3/t0**5 - 7*t1**2/t0**5 + 21*t1/t0**5 - 33/t0**5 + 26/(t0**5*t1) - 8/(t0**5*t1**2),"[[    0     0     0    -8    26   -33    21    -7     1]
 [    0     0   -20   118  -259   282  -166    52    -7]
 [    0   -20   180  -622  1097 -1082   607  -184    24]
 [   -8   118  -622  1670 -2597  2421 -1329   398   -51]
 [   26  -259  1097 -2597  3776 -3428  1876  -562    71]
 [  -33   282 -1082  2421 -3428  3103 -1715   517   -64]
 [   21  -166   607 -1329  1876 -1715   962  -290    34]
 [   -7    52  -184   398  -562   517  -290    84    -8]
 [    1    -7    24   -51    71   -64    34    -8     0]]",0
"LinksGouldInvariant[2, 1, PrimeKnot[12, ""A"", 18]]",12*x**6 + 328*x**4 + x**2*(y**16 + y**(-16)) + 1176*x**2 + (-7*x**3 - 7*x)*(y**14 + y**(-14)) + (y**2 + y**(-2))*(-92*x**5 - 712*x**3 - 1357*x - 1044/x - 341/x**3 - 34/x**5) + (y**4 + y**(-4))*(12*x**6 + 301*x**4 + 948*x**2 + 997 + 433/x**2 + 64/x**4) + (y**6 + y**(-6))*(-76*x**5 - 477*x**3 - 730*x - 405/x - 76/x**3) + (y**8 + y**(-8))*(8*x**6 + 147*x**4 + 384*x**2 + 293 + 68/x**2) + (y**10 + y**(-10))*(-20*x**5 - 124*x**3 - 151*x - 47/x) + (y**12 + y**(-12))*(18*x**4 + 48*x**2 + 23) + 1447 + 776/x**2 + 164/x**4 + 8/x**6,8*t0**3*t1**3 - 34*t0**3*t1**2 + 64*t0**3*t1 - 76*t0**3 + 68*t0**3/t1 - 47*t0**3/t1**2 + 23*t0**3/t1**3 - 7*t0**3/t1**4 + t0**3/t1**5 - 34*t0**2*t1**3 + 164*t0**2*t1**2 - 341*t0**2*t1 + 433*t0**2 - 405*t0**2/t1 + 293*t0**2/t1**2 - 151*t0**2/t1**3 + 48*t0**2/t1**4 - 7*t0**2/t1**5 + 64*t0*t1**3 - 341*t0*t1**2 + 776*t0*t1 - 1044*t0 + 997*t0/t1 - 730*t0/t1**2 + 384*t0/t1**3 - 124*t0/t1**4 + 18*t0/t1**5 - 76*t1**3 + 433*t1**2 - 1044*t1 + 1447 - 1357/t1 + 948/t1**2 - 477/t1**3 + 147/t1**4 - 20/t1**5 + 68*t1**3/t0 - 405*t1**2/t0 + 997*t1/t0 - 1357/t0 + 1176/(t0*t1) - 712/(t0*t1**2) + 301/(t0*t1**3) - 76/(t0*t1**4) + 8/(t0*t1**5) - 47*t1**3/t0**2 + 293*t1**2/t0**2 - 730*t1/t0**2 + 948/t0**2 - 712/(t0**2*t1) + 328/(t0**2*t1**2) - 92/(t0**2*t1**3) + 12/(t0**2*t1**4) + 23*t1**3/t0**3 - 151*t1**2/t0**3 + 384*t1/t0**3 - 477/t0**3 + 301/(t0**3*t1) - 92/(t0**3*t1**2) + 12/(t0**3*t1**3) - 7*t1**3/t0**4 + 48*t1**2/t0**4 - 124*t1/t0**4 + 147/t0**4 - 76/(t0**4*t1) + 12/(t0**4*t1**2) + t1**3/t0**5 - 7*t1**2/t0**5 + 18*t1/t0**5 - 20/t0**5 + 8/(t0**5*t1),"[[    0     0     0     0     8   -20    18    -7     1]
 [    0     0     0    12   -76   147  -124    48    -7]
 [    0     0    12   -92   301  -477   384  -151    23]
 [    0    12   -92   328  -712   948  -730   293   -47]
 [    8   -76   301  -712  1176 -1357   997  -405    68]
 [  -20   147  -477   948 -1357  1447 -1044   433   -76]
 [   18  -124   384  -730   997 -1044   776  -341    64]
 [   -7    48  -151   293  -405   433  -341   164   -34]
 [    1    -7    23   -47    68   -76    64   -34     8]]",0
"LinksGouldInvariant[2, 1, PrimeKnot[12, ""A"", 19]]",12*x**4 + 376*x**2 + (-7/x - 7/x**3)*(y**14 + y**(-14)) + (y**2 + y**(-2))*(-86*x**3 - 824*x - 2209/x - 2176/x**3 - 777/x**5 - 72/x**7) + (y**4 + y**(-4))*(8*x**4 + 212*x**2 + 1073 + 1810/x**2 + 1118/x**4 + 226/x**6 + 8/x**8) + (y**6 + y**(-6))*(-24*x**3 - 288*x - 910/x - 966/x**3 - 352/x**5 - 32/x**7) + (y**8 + y**(-8))*(34*x**2 + 257 + 503/x**2 + 310/x**4 + 52/x**6) + (y**10 + y**(-10))*(-32*x - 150/x - 163/x**3 - 45/x**5) + (y**12 + y**(-12))*(20 + 50/x**2 + 23/x**4) + 1737 + (y**16 + y**(-16))/x**2 + 2748/x**2 + 1634/x**4 + 316/x**6 + 8/x**8,8*t0**5*t1**3 - 32*t0**5*t1**2 + 52*t0**5*t1 - 45*t0**5 + 23*t0**5/t1 - 7*t0**5/t1**2 + t0**5/t1**3 + 8*t0**4*t1**4 - 72*t0**4*t1**3 + 226*t0**4*t1**2 - 352*t0**4*t1 + 310*t0**4 - 163*t0**4/t1 + 50*t0**4/t1**2 - 7*t0**4/t1**3 + 8*t0**3*t1**5 - 72*t0**3*t1**4 + 316*t0**3*t1**3 - 777*t0**3*t1**2 + 1118*t0**3*t1 - 966*t0**3 + 503*t0**3/t1 - 150*t0**3/t1**2 + 20*t0**3/t1**3 - 32*t0**2*t1**5 + 226*t0**2*t1**4 - 777*t0**2*t1**3 + 1634*t0**2*t1**2 - 2176*t0**2*t1 + 1810*t0**2 - 910*t0**2/t1 + 257*t0**2/t1**2 - 32*t0**2/t1**3 + 52*t0*t1**5 - 352*t0*t1**4 + 1118*t0*t1**3 - 2176*t0*t1**2 + 2748*t0*t1 - 2209*t0 + 1073*t0/t1 - 288*t0/t1**2 + 34*t0/t1**3 - 45*t1**5 + 310*t1**4 - 966*t1**3 + 1810*t1**2 - 2209*t1 + 1737 - 824/t1 + 212/t1**2 - 24/t1**3 + 23*t1**5/t0 - 163*t1**4/t0 + 503*t1**3/t0 - 910*t1**2/t0 + 1073*t1/t0 - 824/t0 + 376/(t0*t1) - 86/(t0*t1**2) + 8/(t0*t1**3) - 7*t1**5/t0**2 + 50*t1**4/t0**2 - 150*t1**3/t0**2 + 257*t1**2/t0**2 - 288*t1/t0**2 + 212/t0**2 - 86/(t0**2*t1) + 12/(t0**2*t1**2) + t1**5/t0**3 - 7*t1**4/t0**3 + 20*t1**3/t0**3 - 32*t1**2/t0**3 + 34*t1/t0**3 - 24/t0**3 + 8/(t0**3*t1),"[[    0     0     8   -24    34   -32    20    -7     1]
 [    0    12   -86   212  -288   257  -150    50    -7]
 [    8   -86   376  -824  1073  -910   503  -163    23]
 [  -24   212  -824  1737 -2209  1810  -966   310   -45]
 [   34  -288  1073 -2209  2748 -2176  1118  -352    52]
 [  -32   257  -910  1810 -2176  1634  -777   226   -32]
 [   20  -150   503  -966  1118  -777   316   -72     8]
